1.031855780729300953e+00 1.024950521645251911e+00 1.010721816052485567e+00 9.782592090334324419e-01 9.356924574589842170e-01 8.873884662905064946e-01 8.293873626351608852e-01 7.664556394015406005e-01 7.071389684871406400e-01
1.001176397638887439e+00 9.909693186222675587e-01 9.733696545912331466e-01 9.395217363355750084e-01 8.921870210250520961e-01 8.399289920803157949e-01 7.742883496944729105e-01 7.144081187548965151e-01 6.522859119868543720e-01
1.093956622817340962e+00 1.100599511465889302e+00 1.088648880505206584e+00 1.058848464427345704e+00 1.011298504576785051e+00 9.587866610966934156e-01 8.935140734044876298e-01 8.184933676387201595e-01 7.491088636920844035e-01
9.328259729070615958e-01 9.252076555400924329e-01 9.094208473292604289e-01 8.796623746323317672e-01 8.400594493553626974e-01 7.938048527055049375e-01 7.464176042299860425e-01 6.920338456982495501e-01 6.400734060896585698e-01
1.111471456855174234e+00 1.105882016476176233e+00 1.093844383977300438e+00 1.066834585493000587e+00 1.034028193031524268e+00 9.887594987970056426e-01 9.402169934087736269e-01 8.878687794645916398e-01 8.461262412323402593e-01
1.023338249157649038e+00 1.020807264552690663e+00 1.008642825646287378e+00 9.764809617067975456e-01 9.345984533241470382e-01 8.851934079800533040e-01 8.262956444067481865e-01 7.695641393091997573e-01 7.113310245084439876e-01
9.851169956088305923e-01 9.744204321012018832e-01 9.566740355725081857e-01 9.250543912242996658e-01 8.822028023924894935e-01 8.278249572922632415e-01 7.675084625678716410e-01 7.062895245714326808e-01 6.522667622520087471e-01
9.913955252238464411e-01 9.809195539198279912e-01 9.660469317468749484e-01 9.401559989449916888e-01 9.068983670879378067e-01 8.638011939986709464e-01 8.166466612330290920e-01 7.636021877198285734e-01 7.157039743812361188e-01
9.210114698548393930e-01 9.089259385355691334e-01 8.914070155539908225e-01 8.584007868724783386e-01 8.159369107719166569e-01 7.644132138410398847e-01 7.090049101867066383e-01 6.566526025084644669e-01 6.075899448621641108e-01
9.206495272576583622e-01 9.121843892209154925e-01 8.996288258038830365e-01 8.744806834734699663e-01 8.417272487604144926e-01 8.045225281705116194e-01 7.633765998166831546e-01 7.208479889347376712e-01 6.811689895185620847e-01
1.143581136536287346e+00 1.128442422741223083e+00 1.105034109530178554e+00 1.067642555692764228e+00 1.013559496800804594e+00 9.495825766235387322e-01 8.696429293003588024e-01 7.867608286573061216e-01 7.045114338021426503e-01
9.987595547087352310e-01 9.894286192941220692e-01 9.713050731163208606e-01 9.435915571034428906e-01 9.058060302238805095e-01 8.606522115560875097e-01 8.125109880352756608e-01 7.575347329375917704e-01 7.119359066788700785e-01
1.025217942849924846e+00 1.006238791430911439e+00 9.807294227853384783e-01 9.401295807039539154e-01 8.882587839283129227e-01 8.309664555724406432e-01 7.640462895979247548e-01 7.020102874545245397e-01 6.454345584120687596e-01
9.627749884856870999e-01 9.560530011058857580e-01 9.423001434049579350e-01 9.172526908530372891e-01 8.817928548837395963e-01 8.394255868162350254e-01 7.834771728394750445e-01 7.290750265066975322e-01 6.748506888183357644e-01
1.034278421232687428e+00 1.029677834860465602e+00 1.004584026244402573e+00 9.671661288731927542e-01 9.196512055985233136e-01 8.616069025953734251e-01 7.924202963229062258e-01 7.166942858201463817e-01 6.501657185061504585e-01
1.008003666118377106e+00 9.961357938045278804e-01 9.753937803088373881e-01 9.430225638543223710e-01 8.982422361401836142e-01 8.454532716945847293e-01 7.824800097501924956e-01 7.301934794737701129e-01 6.784880785876591380e-01
1.095413155824483953e+00 1.097079674826504148e+00 1.080198799565349477e+00 1.047282634594945527e+00 9.942090313760209019e-01 9.295774349348617793e-01 8.622461710084841080e-01 7.904079519325796221e-01 7.181319136337379616e-01
1.105094827903185584e+00 1.093877770471989752e+00 1.075449666134670634e+00 1.041334996344480679e+00 1.000781230811974343e+00 9.474738757173449821e-01 8.856573887276444346e-01 8.128576700677894173e-01 7.493568822774507865e-01
8.650237891965252279e-01 8.493044847132572572e-01 8.326396734052989856e-01 8.017993388562818513e-01 7.658432073650860428e-01 7.277177922016363487e-01 6.836660658282875946e-01 6.378695771074732734e-01 6.015643376445362067e-01
1.095798573998032044e+00 1.081626564683817238e+00 1.075793734470446683e+00 1.051107566420714123e+00 1.015972185815157136e+00 9.741217930780334822e-01 9.190111171761431441e-01 8.632736458929590739e-01 8.077827170026410375e-01
8.670886477462228514e-01 8.517027267653932698e-01 8.334415505086415488e-01 7.984346652014870926e-01 7.576124326423748778e-01 7.095881690988030677e-01 6.588533053620874158e-01 6.066620808415437160e-01 5.686419017353189220e-01
7.992686189387405715e-01 7.870610967279408898e-01 7.716534439089696162e-01 7.442504227321347088e-01 7.140198651157050325e-01 6.799960750202250770e-01 6.383326894702704424e-01 6.010921338258014002e-01 5.727442922766976530e-01
9.531136526126646746e-01 9.455155157173323888e-01 9.310270854778094352e-01 9.025693818464541884e-01 8.609378342325849642e-01 8.079383845439255252e-01 7.493667583434908686e-01 6.888596943950607843e-01 6.291477328655094015e-01
1.069172457485704442e+00 1.066077689103507309e+00 1.052200739758956782e+00 1.019649837906319911e+00 9.715153518806965982e-01 9.063022561885909489e-01 8.339255186780497597e-01 7.524703313083598299e-01 6.762229910230469487e-01
1.129741324428242821e+00 1.144717377415450876e+00 1.159760971013437780e+00 1.158161159462290701e+00 1.139805965462074910e+00 1.103599166679480215e+00 1.059303198173620286e+00 1.007578945924657354e+00 9.543463006318418929e-01
1.003959352366648350e+00 1.000398656037439160e+00 9.940648075143760920e-01 9.712324200713923217e-01 9.447553841625897508e-01 9.055361956774148346e-01 8.663549739312589315e-01 8.272719356325272111e-01 7.913810551423096085e-01
9.791988889897160764e-01 9.759645759126375220e-01 9.534384082443697617e-01 9.139545407679378064e-01 8.591470569508936617e-01 8.031122332735772806e-01 7.336225418419421995e-01 6.705264612910063482e-01 6.120749940559769842e-01
1.018335697715731625e+00 1.011628154643395838e+00 1.001398874235609027e+00 9.822094036968214148e-01 9.551745092692328631e-01 9.225278319158466411e-01 8.845241781388374358e-01 8.455874915123023916e-01 8.028650153756967667e-01
9.395612003485880326e-01 9.210431794483329160e-01 8.990662861940733608e-01 8.644317055366391722e-01 8.167624149610669404e-01 7.664106918415557468e-01 7.104038513025950907e-01 6.516073197121862171e-01 6.002722914907939744e-01
7.891237319494153191e-01 7.755248206591920379e-01 7.572306064011331550e-01 7.254438178327861086e-01 6.840212814927015827e-01 6.413947882998664030e-01 5.953723686133287618e-01 5.533268874969119455e-01 5.244538022920325337e-01
1.070439197288062028e+00 1.070716205837950019e+00 1.058264362906682354e+00 1.030613011945211932e+00 9.956442483905232343e-01 9.560985287541468036e-01 9.061009806075126516e-01 8.504338082689015810e-01 8.013863095434691219e-01
1.002475679366487959e+00 9.920679617178390641e-01 9.753468908257876269e-01 9.449134858511966106e-01 9.033410064878208967e-01 8.496237002677126116e-01 7.889728618841796992e-01 7.213467464998698508e-01 6.660285886219337037e-01
1.064238526816666086e+00 1.048728864457407539e+00 1.027503241399268852e+00 9.861771218600483557e-01 9.322992727326646634e-01 8.686868230901108046e-01 7.974074081417440452e-01 7.198892122248997660e-01 6.486218652135705698e-01
9.002094683389452179e-01 8.834514996098451478e-01 8.618524835762377823e-01 8.293225838449305165e-01 7.881822335746692110e-01 7.427538369020214581e-01 6.891486630120144952e-01 6.374914256661089462e-01 5.997338406171146552e-01
8.503358324182456185e-01 8.393240790697372722e-01 8.256366109751230864e-01 7.972477555600279153e-01 7.675823399476184861e-01 7.252261275422998699e-01 6.822391070941300484e-01 6.343414843235212208e-01 5.925293439101634307e-01
8.741585753618921206e-01 8.658372725744568621e-01 8.545111025392220228e-01 8.287782987252068079e-01 7.957902126489809769e-01 7.575082386362689268e-01 7.164601682701462471e-01 6.716932897311332917e-01 6.314488995149468709e-01
1.053162652121109710e+00 1.051194526067618762e+00 1.028150334530251842e+00 9.840690063230417284e-01 9.266817231405160005e-01 8.503892214719070974e-01 7.758590906104964047e-01 6.910664644401114387e-01 6.122520589446998063e-01
9.934048391587761984e-01 9.810532220402939929e-01 9.681138553668866553e-01 9.401910771266079880e-01 9.110936488720631221e-01 8.757407006911812619e-01 8.313279498895557174e-01 7.864533312885410021e-01 7.425868314285651861e-01
1.094835268925183680e+00 1.087977150988400865e+00 1.073427296791239494e+00 1.043066561011358750e+00 9.973148999205190268e-01 9.405104014312459793e-01 8.725702811418700744e-01 7.950361404987349445e-01 7.101964015542816533e-01
9.188611383196287896e-01 9.092754985216253694e-01 9.015701904047733750e-01 8.803727652478932075e-01 8.586320260574636931e-01 8.238909182311877633e-01 7.861576147355776589e-01 7.436321426455277939e-01 7.098691338377670634e-01
9.823350669853367911e-01 9.772186954265436043e-01 9.658230698030858541e-01 9.440320846000045396e-01 9.123923779926549349e-01 8.706027206939740415e-01 8.305806967702435983e-01 7.836823756448386691e-01 7.543339132277800951e-01
8.773003562345845774e-01 8.660501896779450037e-01 8.440317794249083683e-01 8.085821351156922132e-01 7.665815678249627840e-01 7.169944916008937907e-01 6.656158449490370277e-01 6.155990681232309525e-01 5.766749625217347797e-01
8.806104916843414676e-01 8.717333690145586678e-01 8.658582490488457850e-01 8.471472905031228740e-01 8.258856413581623368e-01 8.011201561684135886e-01 7.663592245958892324e-01 7.421794163588185667e-01 7.086705329582526636e-01
1.082582875264330502e+00 1.103785598917031763e+00 1.108529762459669499e+00 1.087714715473194538e+00 1.047914087130929151e+00 9.924150155500518489e-01 9.304912959745419432e-01 8.684150082285679861e-01 8.110930246986789438e-01
9.954475679859409176e-01 1.011657114496467225e+00 1.021224999068689021e+00 1.022985201511301900e+00 1.005561238284816250e+00 9.698720268919167609e-01 9.177566365794678216e-01 8.575911795774057156e-01 7.958968124814490563e-01
9.614392892063030605e-01 9.469182317597489851e-01 9.277696593890862875e-01 8.829277404777627902e-01 8.317493541305914784e-01 7.647519584376170076e-01 6.940887467500054253e-01 6.173880283550673420e-01 5.522378169816520854e-01
1.070089409936953340e+00 1.071163183389762796e+00 1.051770430868627093e+00 1.010843490296917668e+00 9.476894436513817466e-01 8.750643957822666907e-01 7.926582944824615007e-01 7.044558789535958487e-01 6.290919969408642620e-01
9.361663030512221706e-01 9.288266155259343737e-01 9.091418360950245248e-01 8.744539195593848957e-01 8.286003604720616478e-01 7.759008415367536493e-01 7.201697760199794462e-01 6.629691617770960832e-01 6.109427775327339605e-01
9.494974995695271147e-01 9.458947958689312152e-01 9.381111588394919210e-01 9.183385574578259991e-01 8.909352719546066446e-01 8.566658903435808714e-01 8.152317686343487635e-01 7.705356586828423504e-01 7.349648337219337746e-01
1.019482257713323570e+00 1.005659031364354528e+00 9.857658361930142776e-01 9.559230855080046441e-01 9.181242965790977761e-01 8.690156592290223525e-01 8.118588071798726880e-01 7.522747256720203612e-01 6.989984501091839331e-01
