1.363953688336021642e-03 1.509236119616081968e-03 1.164113979983093629e-03 1.348203011921081385e-03 1.511905851344691595e-03 1.654673326934430651e-03 1.857963981933824418e-03 1.919064245889895307e-03 1.829308476958712085e-03
1.321211952682762193e-03 1.375573935625555274e-03 1.079929564073329800e-03 1.282321805804419179e-03 1.363051932105350909e-03 1.503053564202558008e-03 1.573481576909627330e-03 1.685556351077518999e-03 1.474880361013772290e-03
1.353120854207990557e-03 1.409671549042426034e-03 1.123545031773015524e-03 1.269147844816138470e-03 1.400292395416230604e-03 1.619497819703647531e-03 1.770947032550388529e-03 1.908440475597765560e-03 1.905482559060764705e-03
1.167676107749993477e-03 1.280171717787264608e-03 1.044807700080922731e-03 1.165309266286331533e-03 1.321685302948916781e-03 1.405809636279769809e-03 1.580750113385917099e-03 1.558831532870938235e-03 1.342327209023877563e-03
1.514056424452773011e-03 1.590357536331226751e-03 1.236841385892998354e-03 1.517082321431124014e-03 1.673371901766440486e-03 1.918370994110852202e-03 2.203215496961850699e-03 2.414768775314443151e-03 3.045177186985186923e-03
1.289824495377379270e-03 1.339181841047197216e-03 1.115610553639729934e-03 1.251384719858054159e-03 1.529393231551363355e-03 1.637176468467754342e-03 1.764594200391444512e-03 1.937532455487010795e-03 1.934692650475752264e-03
1.246561789072220304e-03 1.273716298838804004e-03 1.052969514810562189e-03 1.168772955351363770e-03 1.343841641697252542e-03 1.458421936340608674e-03 1.446719785005331962e-03 1.442648222606751325e-03 1.413577878551348270e-03
1.289765799947023128e-03 1.282272821536378522e-03 1.012337835619360471e-03 1.110244493074382570e-03 1.249278726200914874e-03 1.383615628324935199e-03 1.506983206827171859e-03 1.537553503455232028e-03 1.746795674108388889e-03
1.174372130861569760e-03 1.208512441730136971e-03 9.568900659764867063e-04 1.057617497163667285e-03 1.156736047591591697e-03 1.222853554015597812e-03 1.258106678528046404e-03 1.284426451230919137e-03 1.115369263250805655e-03
1.286430161358751312e-03 1.295605526473490475e-03 1.038352673674519146e-03 1.138461086667187433e-03 1.311459931255151614e-03 1.446682877737133109e-03 1.587312982235723540e-03 1.770045261211767099e-03 1.933909394071174712e-03
1.430426969581501291e-03 1.583662004493425601e-03 1.200540416723792133e-03 1.404319287576191603e-03 1.541884393814110755e-03 1.724305800751900529e-03 1.842911412360645658e-03 1.918553817284407393e-03 1.798494878235644238e-03
1.222940799207107446e-03 1.265205082035026490e-03 9.475674626388981819e-04 1.115961484174128257e-03 1.275601940510911244e-03 1.335276078876841514e-03 1.450152989395926207e-03 1.525934669463294971e-03 1.723803880843541433e-03
1.276653740793934214e-03 1.356873071777584721e-03 1.041018927730158646e-03 1.126474848084540016e-03 1.219109664293568408e-03 1.365193830415829639e-03 1.390794941023592050e-03 1.328501001242089492e-03 1.301609126598226923e-03
1.360755419303413339e-03 1.378164198735302168e-03 1.082000446469265917e-03 1.223895668289453524e-03 1.345980352898042912e-03 1.556504264225045493e-03 1.606680702116971638e-03 1.680903330009260671e-03 1.669690879878760713e-03
1.307254366087775427e-03 1.399111036368929110e-03 1.098245548832883518e-03 1.165217355258293128e-03 1.440460892408842097e-03 1.502941584108853776e-03 1.585123053507993306e-03 1.545892936146322887e-03 1.487244435711986001e-03
1.316300639685269447e-03 1.428771242705990843e-03 1.092321185894713949e-03 1.247049343397530754e-03 1.340027239998420371e-03 1.535504936250797195e-03 1.675222639538122629e-03 1.665494018602772320e-03 1.673704680373039409e-03
1.423339128656953825e-03 1.506371294455350132e-03 1.195127362346711701e-03 1.399795135347593929e-03 1.553823262640529734e-03 1.697999220129067267e-03 1.906926259465913142e-03 1.882717996812487485e-03 1.693409469281243092e-03
1.278040536080374137e-03 1.354011441396213216e-03 1.080349507535271385e-03 1.266174483584229203e-03 1.318016636538121020e-03 1.599599158562179605e-03 1.711465657604452134e-03 1.857109206378697135e-03 1.745748798112136367e-03
1.129975036666508014e-03 1.107565933849666458e-03 8.522800500629777081e-04 9.094532913015473995e-04 9.793577812770310614e-04 1.039806595497713747e-03 1.054604298873527491e-03 1.000295701406435324e-03 9.235369378059720682e-04
1.602033493228524532e-03 1.746335247985027379e-03 1.293834822351277569e-03 1.526939731390613599e-03 1.684526655051886640e-03 1.887605008579211659e-03 2.169128451582563212e-03 2.518386429879147966e-03 2.746452788415806954e-03
1.073693650759300743e-03 1.087557277578932342e-03 8.324074496930878491e-04 8.854779757618466132e-04 9.398970556781691913e-04 9.959180450948986688e-04 9.692980831006096747e-04 8.307690708769155299e-04 6.888789607501844599e-04
9.079235375745592362e-04 9.798310479187436438e-04 7.258186901748693316e-04 7.837860873044149657e-04 8.693567976608015078e-04 9.121558057621196756e-04 8.992346610921187139e-04 8.361958343301599452e-04 7.462793717056267562e-04
1.328365580166788280e-03 1.388615290932548613e-03 1.048749683628032083e-03 1.146744435334918393e-03 1.317449745665633023e-03 1.373707899753130127e-03 1.469707373683070599e-03 1.466364444679973348e-03 1.392176686571227782e-03
1.559418604778086250e-03 1.556057739932222277e-03 1.265335472968447421e-03 1.521445157705868939e-03 1.670137787756224542e-03 1.779453642535666017e-03 1.821637406484361227e-03 1.813840714846377562e-03 1.667035212708805302e-03
1.376900814018643419e-03 1.453251491798199192e-03 1.171291353124114670e-03 1.333872935721734524e-03 1.551867714973334186e-03 1.697205731258656300e-03 2.080712423025947791e-03 2.506560224171875198e-03 2.828425383157250148e-03
1.390092553201990183e-03 1.505915997384332274e-03 1.199465003816534798e-03 1.317713696088556241e-03 1.561266952672842479e-03 1.759255619765399958e-03 1.994360445781154321e-03 2.152100792642624820e-03 2.370303712631822296e-03
1.149501152135237823e-03 1.286297721683526572e-03 1.074765973876081870e-03 1.130735811298601550e-03 1.223689863981302110e-03 1.292029548955870655e-03 1.284469736472095653e-03 1.150289243162527959e-03 9.692392300363348104e-04
1.293664601240792321e-03 1.270545078003977937e-03 1.057007616606217256e-03 1.228830337462225248e-03 1.346076499191726453e-03 1.547008323853882620e-03 1.669125726316583085e-03 1.936270371091527217e-03 2.335925158774136180e-03
1.121183889559184115e-03 1.160451859070417294e-03 9.239222935307356147e-04 1.011991215461171753e-03 1.034564963460997151e-03 1.150573145770632331e-03 1.232176090415099427e-03 1.167802896428459360e-03 9.711892205356945388e-04
1.066474006367755913e-03 1.210240113547409553e-03 9.028716104366327428e-04 9.700908469112483291e-04 1.006834863650837549e-03 1.015016117303867453e-03 8.922048327330115184e-04 7.568642111088825413e-04 7.308621641759821454e-04
1.302763512792076347e-03 1.441872772801068873e-03 1.143393114996901902e-03 1.346533074006130018e-03 1.585908186908131356e-03 1.708355012856889324e-03 1.966263320329913415e-03 2.181267952580109165e-03 2.463815242945595774e-03
1.195083668541968526e-03 1.334330829245847878e-03 1.037849037518577414e-03 1.177175166587600191e-03 1.248267525439264967e-03 1.346522289375736651e-03 1.422356182596067444e-03 1.408278354087478959e-03 1.407797046736697540e-03
1.345048431464238416e-03 1.363423494050759180e-03 1.137323250202431019e-03 1.232066760190665819e-03 1.364586182455894891e-03 1.484014996779478698e-03 1.525312408155335073e-03 1.455516560602617944e-03 1.217352617772609865e-03
1.215521162354646226e-03 1.136876016329508698e-03 9.039053529013252276e-04 9.681402401020290085e-04 1.005077302458961359e-03 1.114515805589428449e-03 1.017637067253469776e-03 9.679816697538539674e-04 7.770844161895182215e-04
1.168595318518851406e-03 1.182931410889632344e-03 9.408949213655633335e-04 1.075885900606498181e-03 1.169236723688253567e-03 1.261408981805209936e-03 1.344484526672082205e-03 1.402900261221596114e-03 1.354088375086796078e-03
1.031064321944554071e-03 1.215756755439957679e-03 9.327217411145172655e-04 1.080700937749504544e-03 1.175649020861948202e-03 1.294664849667197986e-03 1.438722612965399926e-03 1.515240158196063834e-03 1.512293098976677823e-03
1.385762467229425740e-03 1.504722350102528786e-03 1.183942407288937930e-03 1.308841575148189749e-03 1.451265904211524642e-03 1.564849672369036633e-03 1.567097019326168638e-03 1.493180162127837616e-03 1.210296739293725875e-03
1.155381395609491810e-03 1.284061086444573908e-03 1.013201006738867309e-03 1.117287293806702286e-03 1.209081572649069528e-03 1.303488284789200901e-03 1.548673765552840498e-03 1.687337016860736023e-03 1.933656007103782583e-03
1.575625815667768556e-03 1.702583388887675018e-03 1.301419327729832695e-03 1.596959654645686410e-03 1.792093172868309322e-03 1.857337357711232951e-03 2.019840542275598734e-03 2.234872003809000585e-03 2.168611289324409459e-03
1.204979676842837973e-03 1.290467687325442658e-03 9.690224734214164829e-04 1.088900822355475017e-03 1.236808254007143925e-03 1.331624411778620969e-03 1.447883111114713420e-03 1.597529382632380517e-03 1.858149624431786355e-03
1.327591776502192117e-03 1.440519832701260940e-03 1.160844363401124582e-03 1.318232824821297328e-03 1.547576284526478493e-03 1.689398433299749754e-03 1.939240663164531813e-03 2.024033623169648431e-03 2.653001167171468826e-03
1.121715260347076054e-03 1.177534664923679530e-03 9.427403101440060343e-04 1.078949660561261993e-03 1.081923654195328594e-03 1.143539543373830146e-03 1.084600632107353023e-03 9.421321498430485983e-04 7.072738203028213454e-04
1.406465235627163586e-03 1.547664338996628756e-03 1.192243772451374731e-03 1.404203656668111949e-03 1.545705231541211633e-03 1.703947902360139878e-03 1.943276015030603356e-03 2.377189165200542954e-03 2.393223837598562869e-03
1.377228679426435341e-03 1.509679206486571213e-03 1.225203776665533114e-03 1.502308761940405243e-03 1.748241384086858660e-03 1.933591235819075117e-03 2.163108013331468266e-03 2.486291921036626155e-03 2.686168273172751843e-03
1.306399877354995050e-03 1.301082554961609499e-03 1.098439878489481129e-03 1.243772473314279673e-03 1.504030926259446914e-03 1.771768254423975331e-03 2.027161842154811579e-03 2.447499897389790631e-03 2.796909346190745542e-03
1.403742585734781782e-03 1.584073510970278103e-03 1.127239365826691571e-03 1.262717036137043884e-03 1.366544719958152042e-03 1.343983625127082243e-03 1.381938042274766677e-03 1.255231730982749689e-03 9.994285030018510135e-04
1.251673023011809277e-03 1.280261244323734190e-03 1.095031911812710838e-03 1.209841349753037858e-03 1.321974157409588468e-03 1.474583785400588329e-03 1.577287379207229119e-03 1.475150577833698583e-03 1.260565165095614863e-03
1.170829676842325860e-03 1.275304404648849258e-03 1.048353968594673133e-03 1.135906828863082231e-03 1.318106185101369657e-03 1.348156167470091924e-03 1.428333032158628571e-03 1.349841438463824771e-03 1.225515721420268080e-03
1.232525141485525276e-03 1.327096646644331445e-03 1.119079107717118032e-03 1.234082188046631496e-03 1.410246882709204974e-03 1.520077231885050327e-03 1.731523272109281725e-03 1.838805042438877279e-03 2.078512760195718682e-03
1.195148339589453173e-03 1.372189443621535561e-03 9.812392681589334961e-04 1.093271940977743250e-03 1.177341557902095116e-03 1.334320227006642818e-03 1.502550592669558678e-03 1.566581447611687565e-03 1.596480462023927528e-03
