2.253565333333333456e+03 1.786558333333333167e+03 1.308937702380952487e+03 8.435109370490620222e+02 5.313025483473699069e+02 3.199923687129740983e+02 1.819756709446311334e+02 9.107194280667447117e+01 3.958082999999999885e+01
2.609536406145624824e+03 2.126923499999999876e+03 1.588956866666666656e+03 1.043593886904761803e+03 6.617699571928070554e+02 3.958025564402618102e+02 2.196066246759033618e+02 1.099517255858026914e+02 4.604561000000000348e+01
2.825784333333333507e+03 2.434633333333333667e+03 1.896570850000000064e+03 1.267659676190476375e+03 8.336055649350649901e+02 5.239570585660126198e+02 3.021900199244497003e+02 1.548131372303142541e+02 7.173996725646676964e+01
2.000421843687374803e+03 1.600357399999999870e+03 1.152817726190476151e+03 7.401554091970758691e+02 4.656332077913014018e+02 2.843975681329156942e+02 1.591004321631860137e+02 7.932094371600972238e+01 3.366901999999999617e+01
2.523412666666666610e+03 2.035314666666666653e+03 1.495439116666666678e+03 9.569705019841268268e+02 6.035911656621157135e+02 3.745356845151705443e+02 2.175616878340107974e+02 1.143699493697996132e+02 5.087689487796185261e+01
2.368896000000000186e+03 1.901873666666666622e+03 1.393267226190476322e+03 9.237792767316017262e+02 5.730821103419542624e+02 3.402845476332166186e+02 1.898803854248595826e+02 9.647831778965348803e+01 4.238772000000000162e+01
2.135244655978624451e+03 1.700616600000000062e+03 1.249554769047619175e+03 8.133586863920197629e+02 5.174019913274634064e+02 3.072003288403099077e+02 1.706715831986428782e+02 8.726592275858865833e+01 3.627906906906906670e+01
2.119417333333332863e+03 1.806356166666666468e+03 1.407305049999999710e+03 9.836300285714286247e+02 6.705617384615384253e+02 4.350574532232731713e+02 2.593529848495039687e+02 1.401650709652802220e+02 6.713608049830051527e+01
2.102120741482965968e+03 1.685191399999999931e+03 1.281064785714286018e+03 8.548659045815295485e+02 5.469927327357756894e+02 3.293914073993466900e+02 1.880658379865853647e+02 9.562804935134978734e+01 4.137717999999999563e+01
1.981502672010687775e+03 1.569780899999999974e+03 1.144243383860050471e+03 7.472169911253245118e+02 4.803506482990565019e+02 2.947845357622755387e+02 1.663537458432468839e+02 8.591764074055751621e+01 3.758539539539539476e+01
2.945234468937875590e+03 2.356309333333333143e+03 1.722569703036369674e+03 1.129863642213642152e+03 7.114577891744559111e+02 4.263005897102210042e+02 2.359345162375903726e+02 1.166724477024494604e+02 4.923486968241522277e+01
2.641480627922512213e+03 2.211096860387441666e+03 1.695206172839506280e+03 1.166289140330806958e+03 7.601726373226373425e+02 4.908958229001142399e+02 2.901704613130850703e+02 1.574658446283965816e+02 7.850283169828517771e+01
3.352446893787574936e+03 2.863100666666666712e+03 2.210608608608608392e+03 1.503345545545545519e+03 9.832266290099623802e+02 6.255241043977155186e+02 3.642288946848319711e+02 1.942327091217622979e+02 9.173727989747415279e+01
1.673976118904475697e+03 1.328617666666666537e+03 9.754080648108425748e+02 6.457674415452192989e+02 4.084926278475824120e+02 2.530423661221297778e+02 1.439094705149261415e+02 7.397543642550812137e+01 3.190261261261261083e+01
3.084275551102204190e+03 2.460351666666666915e+03 1.796339606272939591e+03 1.179986228571428455e+03 7.595670604948381879e+02 4.623647429430949387e+02 2.549316784583676565e+02 1.265482845729747368e+02 5.407421906550300861e+01
2.459611222444889790e+03 1.987006166666666559e+03 1.472949632966299760e+03 9.865778646825397118e+02 6.230609972413894866e+02 3.745414779498201483e+02 2.112813126119413880e+02 1.091774168023829503e+02 5.018986000000000303e+01
2.235360721442885733e+03 1.773308766666666543e+03 1.252023885714285598e+03 7.990397755050505566e+02 4.920841482618731106e+02 2.820600282699094237e+02 1.511024001423108416e+02 7.606220304058530246e+01 3.044663999999999859e+01
2.622762999999999920e+03 2.160061999999999898e+03 1.630310433333333322e+03 1.106997439285714108e+03 7.260051104617604096e+02 4.596950237930327603e+02 2.657166229345089619e+02 1.357501106564061502e+02 6.246866464576957867e+01
1.668432000000000016e+03 1.393222500000000082e+03 1.084484527380952386e+03 7.438200909090908226e+02 4.947275875235059175e+02 3.191079265041142889e+02 1.881999514406487322e+02 9.704289800603518756e+01 4.428413628865979490e+01
2.377315333333333456e+03 1.887058333333333394e+03 1.369762716666666847e+03 8.918818837301586200e+02 5.608053148601399016e+02 3.374451787579143911e+02 1.879508253130760806e+02 9.468095959239684589e+01 3.825256999999999863e+01
1.728019566666666833e+03 1.421569266666666636e+03 1.069053999206349317e+03 7.204865085275833962e+02 4.680706068998381966e+02 2.889753064406336875e+02 1.642000302709750486e+02 8.169594529051381926e+01 3.426597000000000293e+01
1.527229699999999866e+03 1.307354200000000219e+03 1.032093125000000100e+03 7.281315148795648611e+02 4.867935356692541973e+02 3.090616578643040953e+02 1.827267521850235141e+02 9.511246588651644629e+01 4.385079999999999245e+01
2.629184034736139438e+03 2.245032398129592821e+03 1.748882130928523793e+03 1.209916509208894013e+03 8.040612675567584802e+02 5.073243184897681886e+02 3.006381825846364677e+02 1.613753123258243818e+02 7.378880713104905453e+01
1.864123246492986027e+03 1.450855999999999995e+03 1.024060919649808511e+03 6.511769478854479303e+02 4.017951348359372332e+02 2.319276665800053934e+02 1.226910946727165026e+02 5.681046062113723849e+01 2.314783999999999864e+01
2.838478957915831870e+03 2.555134666666666362e+03 2.120245495495495561e+03 1.590636002669335994e+03 1.111837743696077041e+03 7.341337976865754626e+02 4.542690743529582846e+02 2.560217743353279616e+02 1.254396138385698976e+02
1.675129091516366316e+03 1.307612833333333356e+03 9.500312337301586467e+02 6.094768321184988054e+02 3.803284597898586412e+02 2.250113386000955131e+02 1.231633744624946303e+02 5.975285482093671874e+01 2.430449000000000126e+01
2.365134936539745922e+03 1.922708617234468875e+03 1.391847227788911141e+03 8.956293390793390472e+02 5.526966275554166259e+02 3.313217029002474305e+02 1.776728541193982096e+02 8.956656857469992872e+01 3.672262262262262311e+01
2.019211255845023516e+03 1.719242100000000164e+03 1.356834742857142828e+03 9.506227795255572346e+02 6.371416663961038012e+02 4.057974702474255082e+02 2.453183937845417972e+02 1.368541421809801193e+02 6.679608933690906269e+01
2.642205333333333328e+03 2.198961333333333641e+03 1.681707433333333256e+03 1.138915492857142908e+03 7.499264742618493074e+02 4.719792171966964816e+02 2.769429294871108027e+02 1.422305177177452435e+02 6.552033271463000119e+01
1.263922000000000025e+03 9.740843690476190204e+02 6.868528621989121348e+02 4.316146309420412877e+02 2.661203226295444892e+02 1.547694946559535936e+02 8.383295731780302162e+01 3.875534999999999997e+01 1.322727000000000075e+01
2.498748496993987828e+03 2.058795000000000073e+03 1.531960927594260966e+03 1.016415028520584087e+03 6.640074548796770841e+02 4.140569240527852912e+02 2.358281001787555340e+02 1.213833467539062525e+02 5.367270740127882789e+01
2.100828991315965595e+03 1.831308500000000095e+03 1.437181531531531618e+03 1.007084572667906059e+03 6.785973589299588866e+02 4.340156998452793573e+02 2.571668240518561106e+02 1.380606307076109829e+02 6.726401235619134411e+01
3.202157999999999902e+03 2.500026666666666642e+03 1.816871283333333167e+03 1.185788994047618871e+03 7.336103496447997259e+02 4.352769410476996654e+02 2.375531133520799472e+02 1.129559930251297146e+02 4.412614999999999554e+01
1.787081997327989257e+03 1.495767600000000130e+03 1.164759990476190524e+03 8.057935580602247683e+02 5.372391604738398883e+02 3.395817966915358852e+02 1.936767730255453444e+02 1.018117353820978650e+02 4.596421999999999741e+01
1.256904700000000275e+03 1.047008733333333339e+03 7.861287353174602686e+02 5.259697590243090417e+02 3.398049037259918350e+02 2.123303133109385499e+02 1.255230831702382090e+02 6.320291960371419293e+01 2.768888000000000105e+01
1.525876586506346257e+03 1.218527845238095097e+03 8.889735730680174584e+02 5.868578921918918923e+02 3.734192844659568777e+02 2.240541561455441695e+02 1.263372216157560359e+02 6.484799950719853712e+01 2.856197197197197113e+01
2.769247494989980169e+03 2.284318999999999960e+03 1.697520653987320657e+03 1.104322880022879872e+03 6.858178547011880255e+02 4.050330157189765146e+02 2.220639351866330742e+02 1.077438125490566705e+02 4.317031031031031318e+01
3.329102204408817670e+03 2.798236666666666679e+03 2.154007674341007714e+03 1.491293693693693513e+03 1.020013556413556444e+03 6.703671680763681024e+02 4.062373289970339556e+02 2.260790393320955332e+02 1.134195487602627423e+02
2.598447227788911277e+03 2.033444333333333589e+03 1.470907674341007578e+03 9.474005910672577784e+02 5.825954978687979064e+02 3.412296766569943998e+02 1.829862521462569305e+02 8.901530015076053814e+01 3.588163163163163460e+01
1.514935166666666419e+03 1.273926300000000083e+03 9.860788380952382113e+02 6.773870890331889996e+02 4.559134895041233335e+02 2.949293386318008743e+02 1.740622514077076630e+02 9.304449595817607133e+01 4.431510875890623424e+01
2.342486639946559535e+03 1.852527166666666744e+03 1.349838717288717362e+03 8.865980544758322139e+02 5.613905924343703191e+02 3.383677648123733093e+02 1.877841060837322971e+02 9.904036147771171272e+01 4.535046046046046087e+01
1.801217334669338697e+03 1.397705266666666603e+03 1.015724056596278842e+03 6.467822622489288733e+02 4.041237957942104799e+02 2.353676789362320676e+02 1.268256463816693724e+02 6.130696210536759594e+01 2.309195195195195183e+01
1.235975350701402704e+03 9.777779880952381291e+02 7.187502260101009597e+02 4.687648012455804292e+02 2.977919541161374468e+02 1.781678207582164362e+02 9.765365937874307178e+01 4.717466535353535306e+01 1.944062062062062068e+01
2.531667000668002402e+03 2.162130000000000109e+03 1.659963847180513767e+03 1.113313638492063546e+03 7.111129455754455648e+02 4.244353730439153765e+02 2.314830016207052381e+02 1.158119531914753964e+02 5.280536000000000030e+01
2.598436000000000149e+03 2.307376333333333150e+03 1.927039766666666537e+03 1.451150602380952250e+03 1.002096959992785060e+03 6.446974939137014644e+02 3.776670794960364219e+02 2.002928271761495296e+02 9.324549689348579307e+01
2.936711999999999989e+03 2.361079666666666526e+03 1.715679333333333489e+03 1.088608584523809668e+03 6.843723476273726192e+02 3.952761008428095124e+02 2.094507725164127123e+02 9.720704601035906478e+01 3.607021999999999906e+01
2.870480000000000018e+03 2.431015333333333274e+03 1.858151299999999992e+03 1.215742036904762017e+03 7.660602112359862303e+02 4.583080922970819415e+02 2.496730292727864082e+02 1.210185873963666126e+02 5.214782635028459623e+01
1.691052805611222311e+03 1.296961066666666966e+03 9.197049194444443856e+02 5.823682805250305137e+02 3.518052809299222758e+02 2.057415589034503967e+02 1.118012353692721064e+02 5.542695372851597568e+01 2.164448999999999756e+01
1.243428133333333335e+03 9.635895952380951712e+02 6.940608811188811842e+02 4.494975779581400843e+02 2.844021488948517913e+02 1.711925323873093419e+02 9.441649428283487566e+01 4.644752000000000436e+01 2.059976000000000340e+01
2.590152972611890618e+03 2.198725500000000011e+03 1.717734834834834828e+03 1.202968449999999848e+03 8.319575377686489901e+02 5.334583373158232007e+02 3.115178279408038975e+02 1.673842287171966063e+02 8.090741323987423073e+01
