7.351892478720473356e+00 5.347873188370202868e+00 4.900843707195425836e+00 3.450387505028153612e+00 2.443094095685605538e+00 1.505301538530812833e+00 1.022032696764879400e+00 6.442627394935580565e-01 3.168804105827622286e-01
7.979708039199581826e+00 5.672304449491601730e+00 5.642162779423822272e+00 4.086084852849581672e+00 2.968167997405726233e+00 1.949297238848679337e+00 1.241064223688308266e+00 7.686374193055762749e-01 4.019782678552411559e-01
5.420299108003378663e+00 5.013927535708242900e+00 6.450747868270757301e+00 4.892866142990160760e+00 3.357426643872445382e+00 2.407683311572856866e+00 1.636757609247116330e+00 1.048028251935852584e+00 5.314929621826701700e-01
6.516985490108475609e+00 4.643851704186945817e+00 4.659718381821213562e+00 3.124776368644606173e+00 1.993367704524820150e+00 1.375477849421609333e+00 9.352144062617262499e-01 5.564109465298526791e-01 2.844908283927620185e-01
8.138047381910615385e+00 5.368257375308634671e+00 5.845016932125246534e+00 3.921776764062169018e+00 2.543534630016753173e+00 1.717300128425155004e+00 1.144997435180920009e+00 7.632043889460515818e-01 4.113943809601349755e-01
7.386030939189644151e+00 5.063560914547521996e+00 5.287237709122332596e+00 3.495287935264117518e+00 2.712012231838965892e+00 1.682658186281058343e+00 1.046683448191382260e+00 6.514806067182818961e-01 3.740781477199651150e-01
7.172329917083382078e+00 4.688639626443663388e+00 4.725701598682484850e+00 3.126151882878290156e+00 2.358378602161977255e+00 1.600770323143650531e+00 9.252952079598536494e-01 6.061240235553535527e-01 3.180040582599423238e-01
5.024150663345994694e+00 3.582859315399426148e+00 4.384970867798546834e+00 3.349362576715188222e+00 2.454518039599951962e+00 1.791796662984263877e+00 1.365633763256007160e+00 8.416641708901813068e-01 4.950992295136709687e-01
6.790324601555674633e+00 4.186611645720200059e+00 4.341565379420916138e+00 3.387495963832849899e+00 2.379157815932452458e+00 1.563234481821352828e+00 1.048757028721258422e+00 6.892433165474467494e-01 3.379109634912724203e-01
6.653482744384849212e+00 4.388748024252474345e+00 4.335328342793014045e+00 2.915389754066192829e+00 2.092894556562640229e+00 1.421641958152027430e+00 9.396470431553649583e-01 5.812417715544284658e-01 3.112248421361022421e-01
8.852814812228658070e+00 6.681391618451287151e+00 6.716033215331117745e+00 4.519313453279127479e+00 3.128805458139551021e+00 2.127024229908516695e+00 1.363934714070943022e+00 8.226355288013564859e-01 4.255203536093902228e-01
6.585051088271070441e+00 5.190226734574472367e+00 5.595593455285600371e+00 4.391603926663920632e+00 2.983316861551505550e+00 2.059461968805412546e+00 1.521010311138045079e+00 9.376435695784520741e-01 5.325436651360001550e-01
7.264771702860913116e+00 5.979443597229129992e+00 7.521840498668651342e+00 5.432218373836581904e+00 4.013353925256377686e+00 2.721198786778274314e+00 1.917033015900513115e+00 1.209166556869030185e+00 6.821877933070801259e-01
5.935818905234726550e+00 3.655713932432046231e+00 3.803024281869074485e+00 2.499966208468237916e+00 1.739410143271992171e+00 1.216519494918040234e+00 7.749011474773755959e-01 5.028485018541886120e-01 2.710119768881499303e-01
1.001546906995252684e+01 6.856808092448457792e+00 6.747420884156752230e+00 4.446149018106503981e+00 3.269517157454665313e+00 2.235663445577629638e+00 1.537716022708016439e+00 9.017798937436045659e-01 4.750646407770340862e-01
7.567516104703882363e+00 5.213613660041053421e+00 5.308084055173076798e+00 3.954319035075855471e+00 2.745262617027877550e+00 1.835466623085458160e+00 1.187403632129326425e+00 7.105585455895178093e-01 4.185584496583481529e-01
7.191039134502313246e+00 5.332220800906919855e+00 5.143760012851765318e+00 3.351718191915425304e+00 2.292325336525158797e+00 1.478174382420379018e+00 8.833288753386238090e-01 5.449606077039408358e-01 2.760763566667743807e-01
6.843994284999886268e+00 5.362993202473575138e+00 5.651521866918385761e+00 4.206780009972893808e+00 2.784809026934731424e+00 2.055039090467603469e+00 1.493036657681737767e+00 9.191673817844951966e-01 4.732859032040671043e-01
4.680791733457065007e+00 2.871447728498639940e+00 3.597191228493347825e+00 2.714354003924686953e+00 1.888710807561219784e+00 1.385327344510283165e+00 1.023829371616187922e+00 6.187680161445900939e-01 3.631580707832242072e-01
8.575533907369525366e+00 5.185642794721252002e+00 5.298110416167022940e+00 3.636128201203594923e+00 2.523486112341517540e+00 1.675919387060832655e+00 1.067801481412813835e+00 6.675045136137939261e-01 3.671069025435234612e-01
4.573265862702251994e+00 3.560499215283659424e+00 3.857870825025770944e+00 2.667634970614447987e+00 1.953411651402737759e+00 1.334447296167836861e+00 9.482764089437307753e-01 5.816825014028131902e-01 3.131562789712191153e-01
3.392245599277858847e+00 2.632803550980082452e+00 3.117153004959342777e+00 2.494743637642411915e+00 1.924644371137877341e+00 1.368116656244637852e+00 1.005161017724516270e+00 6.300982092881891594e-01 3.150386464546849896e-01
6.076453219483813228e+00 4.645191904000266270e+00 5.600817199364953147e+00 4.308103714779662141e+00 3.216105841028729984e+00 2.198964663513923945e+00 1.603100230713908614e+00 1.063953801080268269e+00 5.546109153323336427e-01
6.325090602329567879e+00 4.663445158678292124e+00 4.288327495840554171e+00 2.719632645855810882e+00 1.888081960787635571e+00 1.256433128443288583e+00 7.823607741043779873e-01 4.230342880134336792e-01 2.199144054726747677e-01
4.293573742122840819e+00 3.887418674647741046e+00 4.824473950515377751e+00 4.790947315203927026e+00 3.813822898665937711e+00 3.082275257809362845e+00 2.062275844606806796e+00 1.453336656299898610e+00 8.673216827099250459e-01
6.824735085930708323e+00 3.485934275301561414e+00 3.724384448634671330e+00 2.524299436417110520e+00 1.730427760569156259e+00 1.114343399791683842e+00 7.619422141769613965e-01 4.088587021535341481e-01 2.235375184167078255e-01
6.106103418660551618e+00 5.722265651539565567e+00 5.471799852113098162e+00 3.870316786169616829e+00 2.423179986841373257e+00 1.677652516383141057e+00 1.071766765422229151e+00 6.131314780946497400e-01 3.458210504500826565e-01
4.955768186518221263e+00 3.254566100908076187e+00 4.132546068733106814e+00 3.265411428199443744e+00 2.556209629576877695e+00 1.733115853918686611e+00 1.187939263804328904e+00 7.986686700403583528e-01 4.825747184302270343e-01
6.575330757105176893e+00 5.097339317809722381e+00 5.703376142277582161e+00 4.129995767423593200e+00 2.992873275056671112e+00 2.069727774064538117e+00 1.491966943616719110e+00 9.254125982637927406e-01 5.180808963151966040e-01
5.387804350238085682e+00 3.225314559002824932e+00 2.816502475021786189e+00 1.862535607733069698e+00 1.209994901942646139e+00 7.996774588814430373e-01 5.091627174386065269e-01 3.357296091760451073e-01 1.474804836142735165e-01
6.931113758688626447e+00 5.283801662208333916e+00 5.780865980830884432e+00 3.741901865575370412e+00 2.734217176574036401e+00 1.979417084349446521e+00 1.306271754742518221e+00 8.039792659240621031e-01 4.312375784605775864e-01
3.848132273667518977e+00 3.323737782970318300e+00 4.376856994752967189e+00 3.484005426232997138e+00 2.551124531883529389e+00 1.853200211676831355e+00 1.322487300730547322e+00 8.480289545841133148e-01 4.841160799992564878e-01
1.103317633648624252e+01 7.341898340650355514e+00 7.142513680037282597e+00 4.793673572757109369e+00 3.376793407980334116e+00 2.219168367959805099e+00 1.389777945183255037e+00 8.729623541136289910e-01 4.256577478180093022e-01
4.793331953576882576e+00 3.274214150064103102e+00 3.735617219651260257e+00 2.851001853943214481e+00 2.160080089215900223e+00 1.518995303025710397e+00 1.071655511722228837e+00 6.406062348089427427e-01 3.782728790061481439e-01
3.589160838666888509e+00 2.341288415170871495e+00 2.942804744073960421e+00 1.991342059630710537e+00 1.424231560207530167e+00 8.892288152369897114e-01 7.018046143441758478e-01 4.419454435630796318e-01 2.260818912376663659e-01
5.205097777458873587e+00 3.259351546179293013e+00 3.442740745710688000e+00 2.335106292221638569e+00 1.657861861794090563e+00 1.086549766260749283e+00 7.103175052557358926e-01 4.464937128869848615e-01 2.321959664462675821e-01
7.877970165041383588e+00 5.448441013537724587e+00 6.688088750992027265e+00 4.545719570722946301e+00 3.103011364040967113e+00 2.138896772476979180e+00 1.325482532682237258e+00 8.223288533075610029e-01 4.170487568682454960e-01
8.128475090140559800e+00 6.505896332473248833e+00 6.952984491125931754e+00 5.066923075960246159e+00 3.704876842021363359e+00 2.697895717843108443e+00 2.051325275512246193e+00 1.338692445566786793e+00 8.099955087730278391e-01
9.616102806502441425e+00 5.872230327964551577e+00 5.625536737503644247e+00 3.881879836593061128e+00 2.874047982705651094e+00 1.696690416005547597e+00 1.146271306182688132e+00 6.091593163833005642e-01 3.447820788985671014e-01
3.595283068588310371e+00 2.800053375673399625e+00 3.173909458530488337e+00 2.426345690899998520e+00 1.685320888350309021e+00 1.326263579206073295e+00 9.263561172980325775e-01 5.951443828198124120e-01 3.224881272871507609e-01
8.068117279920231866e+00 5.162143821078601924e+00 5.153150149163829852e+00 3.488119914449126835e+00 2.317227376689891649e+00 1.667681742950658519e+00 1.075507549625868586e+00 5.961494798587745336e-01 3.787665416985979139e-01
6.910594774930072681e+00 4.073564443262600143e+00 4.010545088088628418e+00 2.817046844180146170e+00 1.741007770330247340e+00 1.280302978277866766e+00 7.472272353375358778e-01 4.666695766150230074e-01 2.311712363911704315e-01
4.551857568439846347e+00 2.829909948363090066e+00 2.611091685665584361e+00 1.930860125833770535e+00 1.274312697006686701e+00 9.083863384629878857e-01 5.706895999704344469e-01 3.523522018750088747e-01 1.702007062492700562e-01
5.467527387785819926e+00 4.449394875211184264e+00 5.957150934827883049e+00 4.131072893864447870e+00 2.996309803972469599e+00 2.184258888466565018e+00 1.363232139274985766e+00 7.700938551551468336e-01 4.231319641322314751e-01
4.844429151922855503e+00 3.373431713288742362e+00 4.413249100247394807e+00 4.367059671360762785e+00 3.851861930137964407e+00 2.846460819138594278e+00 1.944731855906258966e+00 1.292936568043731915e+00 7.020246792668647373e-01
9.762265828792001443e+00 6.650786459409644635e+00 7.210491950707817566e+00 4.295239143064636167e+00 3.244430289494855124e+00 2.123234877727584902e+00 1.326524728264403707e+00 7.621198173661749564e-01 3.799992149355048143e-01
5.984837274312476474e+00 5.356922476447336656e+00 6.789484284414391446e+00 4.775353492984829806e+00 3.492714159236636196e+00 2.236621678943708336e+00 1.535018117257024750e+00 8.655315065093377447e-01 4.372319600832813014e-01
6.626067403482016616e+00 3.846032888510214409e+00 3.925510873315902760e+00 2.501753659346618086e+00 1.648864934920530656e+00 1.074545209687664649e+00 6.484452183519983093e-01 3.931810303567855325e-01 2.077517440116929681e-01
4.542477077460416623e+00 3.022866710174983762e+00 2.745748229046101940e+00 1.816868954523206181e+00 1.190904578393622959e+00 8.918931357921513481e-01 5.452335632631702955e-01 3.304368575834117916e-01 1.726669920465402908e-01
5.761281510928209393e+00 5.149004088661762957e+00 5.130462500522056324e+00 4.005225191746585089e+00 2.983355452388015916e+00 2.425700739008466833e+00 1.708847324930489631e+00 9.927263638206690333e-01 5.760646408873592028e-01
