7.872307029071257817e-03 1.090012620712713792e-02 1.236580257777194006e-02 1.408633963181192203e-02 1.601682321382709440e-02 1.682330574309581772e-02 1.579875182793130314e-02 1.150210894117758599e-02 5.513474660435654061e-03
6.349629890670380195e-03 8.075136580720013862e-03 8.149602698370098444e-03 1.032915976935010194e-02 1.129166681416763143e-02 1.171907878697171779e-02 9.163782332121537394e-03 5.725849248818979179e-03 3.193395455204769192e-03
2.208090675106203372e-03 4.634071549002697493e-03 6.703324346149251711e-03 7.858937811365231813e-03 8.817236084782879499e-03 9.471570043184792884e-03 7.865945287091342941e-03 6.126576219455653199e-03 4.774656920229320214e-03
6.595390393652628309e-03 8.576577341660040696e-03 9.827194783994727678e-03 1.098360413953666445e-02 1.225722055349271790e-02 1.113104049420241340e-02 9.075730250021613391e-03 6.174981641434411188e-03 2.191660457270475613e-03
1.094534990048849285e-02 1.340723063028711158e-02 1.421173729076922847e-02 1.776621367006810809e-02 2.054695516637962752e-02 2.201144256007382671e-02 2.246468485297812429e-02 1.913535112998212412e-02 1.396867922737473657e-02
5.097887077112769894e-03 6.645973958861683961e-03 8.915273961006343548e-03 1.051849988873577828e-02 1.196397785452379611e-02 1.254342027896094940e-02 1.140541289894830314e-02 8.154519875404230705e-03 5.170637713087684016e-03
5.800479857213419049e-03 6.898381654843788874e-03 7.746290411399525851e-03 9.777056277548249255e-03 1.065339052524089287e-02 1.077124820536934022e-02 8.774422566139507274e-03 5.988853854309275811e-03 2.094464113995318268e-03
6.615444471332949071e-03 6.550138673451531141e-03 7.654656657565676522e-03 8.175831092131042102e-03 8.431968170843608112e-03 8.479186476039979672e-03 7.831411012139410932e-03 5.982495748195952243e-03 4.081370335810375130e-03
5.559026078937457163e-03 7.118070440212158172e-03 7.788735982996896311e-03 8.556058723590040382e-03 9.685034407903398909e-03 8.921468090217803820e-03 7.686798463844346507e-03 4.530119317260445332e-03 2.937810508644303226e-03
8.268645158756714186e-03 1.010126744466452106e-02 1.087366985184520796e-02 1.249790786552042003e-02 1.379867731218291545e-02 1.392261385701437648e-02 1.251720621096939247e-02 9.747805412133754219e-03 5.054608006230681266e-03
8.176503963440939771e-03 1.018249736666560108e-02 1.153834234011017791e-02 1.308801996661594982e-02 1.483640240458778368e-02 1.431703139936906649e-02 1.310874931910252332e-02 7.367471767498092426e-03 3.427484214684048056e-03
4.754417758626582925e-03 5.356042206557501233e-03 6.629557227092533478e-03 7.735770189460638470e-03 8.292362798334113397e-03 8.852078029840950227e-03 8.036333265026427558e-03 6.660487906727954530e-03 4.639532174136082321e-03
3.485978084275725541e-03 4.285143123598389274e-03 4.369992499942070008e-03 4.524213089084429956e-03 4.795874583658030210e-03 4.643273100360496668e-03 3.692261057194399457e-03 2.291558138122954009e-03 3.029892470153079404e-03
9.813553796882550431e-03 1.262136322639679023e-02 1.391727700725409016e-02 1.604744550037336473e-02 1.757537372935406850e-02 1.741484490944654115e-02 1.535759317844605058e-02 1.138391203377700500e-02 5.123846038341216963e-03
9.296147360460667655e-03 1.164029533575006853e-02 1.294368579121185810e-02 1.537408222056748860e-02 1.708073929844233438e-02 1.700009347704473442e-02 1.552288891105008638e-02 1.049253894906542785e-02 5.206223426249273999e-03
5.145980547725223335e-03 5.478083066358161064e-03 6.582797146410394699e-03 8.351125613941657103e-03 8.857678702498563567e-03 8.660636716705328100e-03 7.163286480071123091e-03 5.230492259061869827e-03 3.258439910583594331e-03
4.726701834667732319e-03 7.346317409643987779e-03 9.792716995440922320e-03 1.089268302499139633e-02 1.299153477667007277e-02 1.181327369744049859e-02 8.708053429177648602e-03 6.485009960759191734e-03 3.955309709307928967e-03
4.105232991211364181e-03 5.455913759524413584e-03 6.219186665934325724e-03 6.253872596313137487e-03 6.952200381321131314e-03 6.377651014847975086e-03 4.923489204986944597e-03 5.108507995051596653e-03 5.755394621264912393e-03
3.438642337262100626e-03 4.377025853606417855e-03 4.488396066805811283e-03 4.036462742418647602e-03 4.213256949805146284e-03 2.694789622594180156e-03 2.448866385289833955e-03 2.557157743508237189e-03 1.819478796751010895e-03
7.474816229988439330e-03 8.227983176895090067e-03 9.845087592392005871e-03 1.254865228980296850e-02 1.426121824714339341e-02 1.422119124436730699e-02 1.400139159309471762e-02 1.047748602020117867e-02 6.546845557008314394e-03
6.829336409719819791e-03 6.730145508009519745e-03 6.823211781190368502e-03 7.345306050009283404e-03 7.345781703225921951e-03 5.821051604107439249e-03 3.455206619715204663e-03 2.556459346032919407e-03 4.259179176495346206e-03
4.314417145072678775e-03 5.102717026379782576e-03 4.832292119653355984e-03 4.819793170653438596e-03 4.382905167997084434e-03 4.834631408860894618e-03 3.440706951049051551e-03 2.520624293994574733e-03 8.242301079510966442e-04
8.970483041459554122e-03 1.043047577211926417e-02 1.243738314948477502e-02 1.421173933453102715e-02 1.448654280899350916e-02 1.374744629990387774e-02 1.128301664322000492e-02 8.361932544279240473e-03 4.448853644102889089e-03
1.020654827888575408e-02 1.175657242686882313e-02 1.496498954491682840e-02 1.698579958767077250e-02 1.910088940131504653e-02 1.872411345436481370e-02 1.394124818316763020e-02 8.206984911053070292e-03 3.846866555383634048e-03
6.274220343980637001e-03 8.789013603384507323e-03 1.132645824579663583e-02 1.558240835542827780e-02 1.910284101759218353e-02 2.037261426363831673e-02 2.154132597147609754e-02 2.228530112257589776e-02 2.035004777235301099e-02
6.104815282043517428e-03 7.642361724616196332e-03 9.349911254012084616e-03 1.150477704815476218e-02 1.355866096797472831e-02 1.439188876598655742e-02 1.273408335799437567e-02 9.094512142228308033e-03 6.592669912946798674e-03
1.957312167551385207e-03 4.182959504938576177e-03 5.137064231516924769e-03 6.829331841135446134e-03 7.458137792484052439e-03 5.751058571814677937e-03 5.462537629184430199e-03 2.769437055565121975e-03 2.941912493937307808e-03
6.665085068955599323e-03 7.644683473378583068e-03 9.551299016707443662e-03 1.077499500198697557e-02 1.194323768709487643e-02 1.261127908176152765e-02 1.239192120254352901e-02 1.263381168010186718e-02 1.023808910197599939e-02
5.392425713359481898e-03 7.603336815348196547e-03 7.203410664033045932e-03 8.041736669606988630e-03 8.332908943524166764e-03 7.289898198377001842e-03 5.810004905207347137e-03 3.168203664341930938e-03 1.926081376759425151e-03
8.202633769875986719e-03 9.987584929368149150e-03 1.128098955259526116e-02 1.270867775822915290e-02 1.208591265514444638e-02 1.042199366771366480e-02 6.424427651797770186e-03 3.485274092978242737e-03 3.438400350327738483e-03
8.741020599565324858e-03 1.051927212191089943e-02 1.302855853949726715e-02 1.482031141549760775e-02 1.779806731879031434e-02 1.821432468265180363e-02 1.906011905162198830e-02 1.802312743450324231e-02 1.318893782459231410e-02
6.570417187567716838e-03 7.589036156507076789e-03 9.438950819823795427e-03 9.931090868772680588e-03 9.186111151372168548e-03 8.882651275424346612e-03 6.279175285208138911e-03 4.814975909253315853e-03 4.378159890786664440e-03
4.107922629476380705e-03 5.175736511034912529e-03 6.699958489878260134e-03 8.289415666292262314e-03 8.811926926294398263e-03 8.859880983246243638e-03 6.694521285595892574e-03 3.707786952116131404e-03 2.145659241857487010e-03
4.571891886423008582e-03 4.791980834910995746e-03 5.635190296689030105e-03 5.596750796580185656e-03 3.252492837911629894e-03 2.552201480830240676e-03 4.637344948494413061e-03 6.774212209559061018e-03 7.308608396385146352e-03
1.017074413590884040e-02 1.265592676192387085e-02 1.336262339678473410e-02 1.408657888437357675e-02 1.424289873585921420e-02 1.378786405306788032e-02 1.076029110871143911e-02 7.418417289662117275e-03 0.000000000000000000e+00
5.974718822999000069e-03 6.366253597061107689e-03 8.664557815001049101e-03 9.621899226302214544e-03 1.091530116046738816e-02 1.046658126841779404e-02 8.809525258687278537e-03 6.304406810928012486e-03 3.558145134932810122e-03
6.872185551667716122e-03 1.011231014335239702e-02 1.176324950461739641e-02 1.477778493784846769e-02 1.642934582781220218e-02 1.696934163368312917e-02 1.426949448347090629e-02 9.159293891165223855e-03 3.067659645505117598e-03
7.474805259201432184e-03 9.339017941773296305e-03 1.047358920062960164e-02 1.157388391899864810e-02 1.294797070671381209e-02 1.365241602145464243e-02 1.465579279075718278e-02 1.405635604273187782e-02 1.068865430320814665e-02
1.356486964343804440e-02 1.540317197338120572e-02 1.895093550212175251e-02 2.240415211091779241e-02 2.530939230145416718e-02 2.823554857497378653e-02 2.649343509267071753e-02 2.107777543201878184e-02 1.176435629825009141e-02
1.155823878152032261e-02 1.363887916799390136e-02 1.471480171266332203e-02 1.683901110108544652e-02 1.681847543582047633e-02 1.535263283229519431e-02 1.536819039447551681e-02 1.167033039341962980e-02 8.808902319005952261e-03
9.777572088502920269e-03 1.195510258812400133e-02 1.399840297346169500e-02 1.715127192323110533e-02 2.028813146385935115e-02 2.148457218504022312e-02 2.138248320544651471e-02 1.829933558276735511e-02 1.235740839144986239e-02
3.237009210014561624e-03 4.245639287571137746e-03 4.821209025033725872e-03 5.164838935145530177e-03 6.146807889982550122e-03 5.208978569387212251e-03 3.643967719440292189e-03 2.430010465472210932e-03 4.715521325055624206e-03
1.034696991952238111e-02 1.077542555556582071e-02 1.307939378569437233e-02 1.476423101394318781e-02 1.650754778838114251e-02 1.768147873487420710e-02 1.472700604099603724e-02 1.150410221312577266e-02 5.067478161425702926e-03
5.093484739494080239e-03 6.783381174159668243e-03 1.077480060481093675e-02 1.451220753783268903e-02 1.841690876182642406e-02 2.026730762007864992e-02 2.033811652633972858e-02 1.843622865446044312e-02 1.330964537489401876e-02
7.001587954954095055e-03 8.604216601998592936e-03 1.185438858288809585e-02 1.508833680304649469e-02 1.934907581452564862e-02 2.262416289496051169e-02 2.340412552887826195e-02 2.260192050351846060e-02 1.659920373997496312e-02
1.352397544902670529e-02 1.423157027807613571e-02 1.725891889331478482e-02 2.010073349061659853e-02 2.129367588603057332e-02 2.046116311886511663e-02 1.575166595489015109e-02 9.223415516937154973e-03 3.432223074373602634e-03
5.347028142781884603e-03 7.500988397929938233e-03 1.036061779574413109e-02 1.252015142255522538e-02 1.310748326008522383e-02 1.259460570777377365e-02 9.466351830354257160e-03 4.955997074814408321e-03 2.443255161246448998e-03
7.369379485890743993e-03 8.991222547983446917e-03 1.067620363764390339e-02 1.344960182776342578e-02 1.408430067522219685e-02 1.369132273304069294e-02 1.001236179450514484e-02 5.484311688541286881e-03 1.903777376672380513e-03
8.690933351064579829e-03 1.065997598714475865e-02 1.063827016881034419e-02 1.255328752069312555e-02 1.413474407917511902e-02 1.370857304949946349e-02 1.130764541091554450e-02 8.123447340081531298e-03 6.918246012957781840e-03
3.756988077957364256e-03 3.338434862505550854e-03 4.502758262552549948e-03 5.089111243481683929e-03 4.846971755625396720e-03 5.463232915548193840e-03 4.358068428967257213e-03 4.116329421948584748e-03 4.302233204963451518e-03
