4.381654412596197893e-04 4.224895976728370163e-04 2.964323093590552020e-04 3.171132465795085996e-04 3.326252904482654492e-04 3.630984375131076779e-04 3.509123928353687170e-04 3.026409436760312682e-04 5.366518013287667650e-04
4.254395065379105241e-04 4.328000369315589970e-04 2.727207826032746699e-04 2.792356092640528565e-04 3.101260485607089802e-04 2.842060438793046046e-04 2.806099996470140610e-04 2.875154887599964655e-04 7.450735145828764859e-04
9.899649768109074124e-04 4.872726174634561445e-04 3.127380565604757716e-04 2.695322234367521263e-04 2.722624556377431417e-04 2.800307870740816507e-04 2.982156537788803745e-04 2.966135137769271854e-04 3.687693046729215141e-04
4.310405067775489006e-04 4.398522565940514157e-04 2.938685391706683165e-04 2.974041912407530248e-04 3.181088656265689571e-04 2.745405290568285494e-04 2.717942052465796674e-04 3.108588944011407259e-04 1.363616141084754993e-03
4.221908798369556465e-04 4.777160166089616474e-04 3.036274370444404583e-04 3.528624910188081975e-04 4.095851968033501086e-04 4.163011934452771554e-04 4.584962301507434839e-04 4.034539164356323111e-04 4.102671772206938159e-04
4.675261224688958194e-04 3.819648443624660585e-04 2.592378181549770334e-04 2.792261009458205903e-04 2.836375197738342656e-04 2.837608356986151613e-04 2.815580022680680612e-04 2.617874964556970606e-04 5.386486387930791665e-04
4.889888478844825557e-04 4.098944846892850751e-04 2.812696100741637201e-04 2.806304593793870436e-04 3.032548370457205855e-04 3.024683172741796035e-04 3.006477069365552711e-04 3.334387388663488292e-04 1.389759729767896029e-03
4.342164990841540680e-04 4.575034518976674527e-04 3.183383454444947734e-04 2.860687701008038722e-04 2.816680309115469232e-04 3.051631034437736804e-04 3.125627534457328942e-04 3.602049022451856092e-04 4.720201250689943021e-04
4.437171108066848392e-04 3.751168753177827652e-04 2.570104263106380029e-04 2.628637224549619099e-04 2.737774559555886111e-04 2.710262644603496189e-04 2.749975308740246140e-04 3.232300670739933122e-04 9.165059013518570517e-04
3.953141365684456426e-04 3.974433779675227139e-04 3.042214665729780338e-04 2.976001397623219652e-04 3.129581207762176481e-04 3.361231589968820873e-04 3.267495710337427911e-04 3.151698631127498548e-04 5.882798257064352290e-04
4.281344306410338370e-04 4.249315102496128808e-04 3.238082537715000981e-04 3.317080371032788940e-04 3.545804180445891901e-04 3.558638925496927828e-04 3.409672960923978502e-04 3.187636079179580087e-04 6.174208568169318925e-04
5.195194329906501407e-04 4.368723546563716949e-04 2.928314354976738546e-04 2.758047437106440577e-04 2.834907889022880711e-04 2.973927953205567011e-04 2.862124912982000292e-04 3.229464469472987861e-04 3.736701456726587147e-04
6.202591794917758925e-04 6.210063891958932970e-04 3.559479003644592707e-04 3.449299613736347839e-04 3.224260111808446134e-04 3.367347424936953707e-04 3.876900021393585110e-04 5.637906366439404682e-04 4.382262928478963251e-04
3.933448427146637918e-04 4.170619947983989135e-04 2.977439117328630879e-04 3.411235308998674504e-04 3.576950131710819516e-04 3.724436611655380339e-04 3.455437917732676859e-04 3.295634981278472409e-04 6.769454922574692475e-04
4.452652007641984245e-04 4.329646294705561749e-04 3.169412568811695477e-04 3.395962521090753754e-04 3.437238069400594116e-04 3.634107218665664596e-04 3.573707367763766999e-04 3.055192557399368501e-04 4.707417810930154063e-04
4.515136951754439147e-04 4.037545570779113992e-04 2.982900239541458960e-04 2.716039003235029060e-04 2.760819625666048886e-04 2.861369047088614150e-04 2.744284152368432371e-04 3.064721876903421798e-04 6.658080657771401831e-04
5.057619262809604334e-04 3.613329992901647921e-04 2.848739946217130020e-04 2.905910470297273719e-04 2.907161297277526825e-04 2.966945255516280572e-04 2.788700172682642025e-04 3.082850480505693221e-04 9.007138122969719080e-04
6.394315006340896149e-04 4.635272194931557292e-04 3.091940590472715155e-04 2.953798192991101282e-04 2.961815097479373444e-04 3.217314799033291119e-04 3.458798649940503451e-04 3.278997655612600416e-04 3.719742593823306773e-04
6.290182719267330439e-04 5.322481752205518576e-04 3.716830797286792103e-04 3.898955724361498256e-04 3.723352914025906480e-04 5.245709148102801816e-04 5.754459370236804936e-04 5.341222597774562125e-04 1.350837656692472667e-03
4.607283862282421350e-04 4.383848908942917112e-04 3.043789897363237190e-04 3.316097334915534814e-04 3.479192095043785000e-04 3.399528512123924833e-04 3.455099126110828698e-04 3.412202087740513127e-04 5.080576087124692285e-04
3.971374778408295024e-04 4.130046296557005905e-04 2.944671544213599474e-04 2.853874603987128166e-04 2.921752056585410736e-04 2.888953066345680020e-04 4.315916024699532612e-04 5.928469910594791207e-04 8.150372249613710473e-04
5.009935988745668322e-04 4.995032689855050849e-04 3.397868903214350277e-04 3.243392767039719499e-04 3.568192056805150189e-04 3.350432830823424357e-04 4.032909368557202221e-04 5.525132068069486552e-04 2.813638778187895449e-03
4.392455508075031778e-04 4.343949633876106821e-04 3.124277326868354606e-04 3.051179597243628468e-04 3.122549874559323252e-04 3.264985689151584086e-04 3.211321188532233932e-04 2.791895284005855475e-04 3.946581786596381242e-04
4.158702183395818078e-04 4.099818688685248885e-04 3.305699217483349522e-04 3.495277197239531541e-04 3.717763328380528404e-04 3.648538804178269655e-04 3.227508482133644124e-04 3.497709632984525143e-04 1.147888198046035637e-03
4.827658871590586893e-04 4.522579963310493644e-04 3.001247831827112038e-04 3.308304623931758340e-04 3.580425814314493042e-04 3.818598645724692988e-04 4.423811397431841384e-04 4.663048881259665001e-04 4.669356897489530768e-04
4.450987379924719288e-04 4.037161008473481405e-04 3.116316971734633674e-04 2.938458762001828735e-04 3.354309399122435277e-04 3.449936297217538902e-04 3.398625345793956356e-04 3.574901464944009954e-04 6.970189922865261539e-04
9.501018869672564395e-04 4.674926383643880049e-04 2.981252551517245600e-04 3.011127407358476864e-04 2.711703443531509683e-04 2.816865513985695579e-04 2.844623523684800719e-04 4.441997807306090622e-04 9.602145933723241818e-04
4.264331820939868496e-04 4.080953986807860047e-04 2.786587088609392810e-04 2.770081478158039506e-04 2.859499048802125040e-04 3.044895771468661243e-04 3.072805836471347984e-04 3.721211291962596445e-04 3.492936032539879191e-04
4.923751721644489040e-04 4.220540875730169209e-04 2.903341608998882503e-04 2.644383686341584411e-04 2.825737212086621743e-04 2.924064861015860045e-04 3.138048007748582536e-04 4.566490376269558569e-04 8.681039447146197442e-04
3.949268827136581152e-04 4.086103942327424317e-04 2.926563465715577728e-04 3.043733951236415772e-04 2.964894375598868016e-04 2.856997177732421996e-04 3.156830990062192178e-04 8.386031943150675568e-04 2.442155563869261286e-03
4.227306704500513926e-04 4.172501193516658978e-04 2.988156016524370364e-04 3.101754401015289955e-04 3.546819190667281326e-04 3.826255721668084427e-04 3.713115765222278894e-04 3.801639112775949273e-04 3.948432903667983417e-04
4.216874749676877555e-04 3.892223124178271175e-04 2.945564322495918767e-04 2.696579093036061765e-04 2.823859681383193644e-04 2.831488465601027195e-04 3.102535729334683808e-04 3.331447446151959528e-04 3.963338850361272452e-04
5.746434277201744982e-04 4.533027346148670294e-04 2.926669507173194516e-04 2.818577416589878541e-04 2.777038041431300892e-04 2.738573955097140813e-04 2.939918075591794783e-04 3.924081038050934961e-04 1.068558419298219460e-03
5.087608214462635775e-04 4.815814835834960781e-04 3.126141528603563298e-04 3.098524402446681952e-04 4.136700844269110885e-04 4.956999220913765056e-04 3.531208030581497168e-04 2.801330915418508236e-04 4.238712505559705918e-04
4.067988681507733197e-04 4.656555369033523839e-04 3.181391104795863061e-04 3.039084703583907771e-04 3.466334591881727284e-04 3.223875054818911958e-04 3.177399755889604620e-04 3.457885153123713097e-04 2.764462931261834656e-03
3.966656928014386518e-04 3.750035445737307286e-04 2.670998857895866708e-04 2.631294079486285126e-04 2.811206522246028770e-04 2.674479285448857048e-04 2.793714537991191511e-04 3.479199466621990706e-04 9.819501731901877657e-04
4.970373143801144755e-04 3.954108436967781960e-04 3.109733525054001737e-04 3.369446214647728636e-04 3.338600469357926601e-04 3.427421072705153253e-04 3.302022926217494572e-04 3.096834225359676907e-04 8.076362749938111735e-04
4.119617616006720356e-04 4.188301134123376536e-04 2.652261666332511678e-04 2.889347874911223015e-04 3.203355926639511069e-04 3.260301934852573237e-04 3.337068863736577596e-04 3.551525191295754991e-04 3.243966667449925661e-04
4.812745240270609073e-04 4.620555853791687021e-04 3.814146885917760513e-04 4.218981963189123306e-04 4.741972721769692088e-04 5.329340375533943037e-04 4.948673896816321947e-04 4.872166675017798750e-04 4.657526030744783721e-04
4.524195255147036047e-04 4.558216226733820655e-04 3.359816763081442605e-04 3.411839830675643132e-04 3.472682138214429424e-04 3.340006301313206446e-04 3.622910252332274994e-04 3.312983620942092154e-04 4.511120543256211366e-04
3.947895163310939193e-04 4.604797551234453474e-04 3.173137141319905242e-04 3.244858094675324533e-04 4.018336420513196486e-04 3.795050908162243657e-04 4.192533700183313154e-04 4.090827491485787403e-04 4.365194690309766139e-04
5.601026286280360580e-04 4.927827024490898751e-04 3.091100257985316324e-04 3.102097460565872607e-04 2.804046464344679603e-04 3.093524515409009582e-04 3.606899297796442561e-04 7.089386439775829506e-04 1.038317966836262282e-03
4.323652102818359823e-04 3.993318234696761849e-04 3.071516096836894669e-04 3.336189730964628816e-04 3.789192239967723247e-04 4.000614888153858502e-04 4.063814156127832137e-04 4.059605823989105339e-04 1.112494647307953229e-03
4.653398033228502411e-04 4.512890022420008103e-04 2.981418535201891271e-04 2.999460808141721311e-04 3.599686043759089721e-04 3.715232094814469596e-04 4.035081556219595055e-04 4.063424035934180920e-04 3.963038067666051038e-04
5.252721346745381449e-04 4.361646418517379446e-04 2.969777073010815001e-04 3.137466442740808638e-04 3.745660478109442818e-04 4.027237253748320992e-04 4.568339077232042413e-04 4.404711601820490534e-04 3.630624136058337604e-04
4.344216866865373240e-04 4.863263661386138179e-04 3.524983802979304881e-04 4.013576815482160025e-04 4.065355230825453466e-04 3.949262836061752532e-04 3.609137868702204355e-04 3.168302807520229623e-04 9.442484857953617992e-04
5.752128927041370333e-04 4.276792555986788690e-04 2.931931025008832387e-04 3.054591643213526442e-04 3.131597898602105773e-04 3.083728118715040609e-04 2.965316598645392548e-04 3.581120209925633220e-04 8.647509047001292236e-04
4.267383635443953993e-04 4.110488097675709892e-04 2.899615417729414345e-04 3.409426436409193737e-04 3.190324085180496470e-04 3.268869793246248945e-04 3.001689257822629333e-04 4.070194675123941412e-04 2.610751058269468374e-03
4.170906702756472205e-04 4.285439602328254701e-04 2.890360325163514842e-04 3.009613866111240628e-04 3.387811256173249943e-04 3.125142282453182720e-04 3.169646588576475674e-04 3.985384250541249116e-04 7.975184262489012910e-04
5.887568353802327204e-04 6.421370584120627114e-04 3.369678212400166115e-04 3.034776286060068416e-04 3.136152949191143018e-04 3.097895249756759252e-04 3.322784640522550431e-04 3.346802374199233624e-04 3.613832158714995555e-04
