1.579474741026381635e+00 1.557897515205965977e+00 1.526539374980543373e+00 1.462375817304089276e+00 1.389044483642500216e+00 1.299926560850515056e+00 1.203440798970541348e+00 1.090842083257737016e+00 9.866727214121012723e-01
1.546281269545351833e+00 1.521182720780520636e+00 1.482459584090623395e+00 1.418295028066256958e+00 1.331425226033462916e+00 1.240347649720378032e+00 1.125029230239641409e+00 1.016914980486698816e+00 9.022830294162915710e-01
1.670078453089843595e+00 1.674445772794790566e+00 1.643656229949124858e+00 1.584117731987408462e+00 1.504083851237984604e+00 1.419153536790241477e+00 1.307234091233209439e+00 1.181018225892189299e+00 1.058945289570037529e+00
1.436583197670824985e+00 1.412075838800186167e+00 1.378557783346290755e+00 1.317487537454977264e+00 1.241601861057558320e+00 1.160076050678396031e+00 1.072181495627612113e+00 9.738920157583953463e-01 8.795633655017481844e-01
1.685354825004156121e+00 1.673546623750058471e+00 1.646793140452812887e+00 1.591037176261958619e+00 1.518886718302052907e+00 1.443405174417671466e+00 1.360575175622572575e+00 1.268537604418893405e+00 1.195330880543778118e+00
1.558339927514624357e+00 1.545586675899699891e+00 1.517766060844199849e+00 1.457298215925501017e+00 1.383292774911565326e+00 1.294777602300615005e+00 1.194425796654251082e+00 1.095283396451657509e+00 9.988060888010836802e-01
1.523484117456981313e+00 1.497205847566251524e+00 1.459255855276039959e+00 1.393003275677779262e+00 1.313589517794317096e+00 1.217333006655116456e+00 1.110619968152812609e+00 9.989567360057595158e-01 8.967646210649251604e-01
1.533382615137577565e+00 1.505099936154468132e+00 1.470938754349797817e+00 1.420656774326124028e+00 1.359170715190218148e+00 1.280447140795807348e+00 1.193827374143820341e+00 1.093031557732239367e+00 1.005311787829858527e+00
1.416482833988887302e+00 1.389560092945541170e+00 1.353951406284294112e+00 1.288722804902607821e+00 1.212179800018080345e+00 1.120155816617363742e+00 1.022851091819048541e+00 9.262187786518973898e-01 8.330624885630114607e-01
1.426327405228384748e+00 1.405452495266442003e+00 1.371561138211223829e+00 1.320638384918862096e+00 1.256371969104824959e+00 1.181657001109704952e+00 1.102693601991861616e+00 1.022582371438202964e+00 9.453046484537350747e-01
1.755729773060162868e+00 1.720404330319788455e+00 1.677476120089724798e+00 1.602843244429996039e+00 1.510194390148043464e+00 1.402225019119189620e+00 1.266860947251457592e+00 1.127572677014237801e+00 9.835041302415533648e-01
1.543244110764971255e+00 1.520835174925971867e+00 1.482114285471357373e+00 1.429249960207034986e+00 1.355034333785646528e+00 1.274420488871143453e+00 1.188951562163467646e+00 1.087714596863883720e+00 1.004564616257943133e+00
1.593751258659079184e+00 1.561088481886184098e+00 1.512606134531396807e+00 1.434563923435945743e+00 1.342313028801281449e+00 1.238849460183737206e+00 1.121607128729229519e+00 1.009205148033334831e+00 9.037002857563339875e-01
1.463491524202034322e+00 1.446333818390055592e+00 1.417253426568317431e+00 1.366192320926421289e+00 1.299444314583227955e+00 1.224550999798144080e+00 1.125274003618117913e+00 1.030031719895947218e+00 9.369748524636752895e-01
1.614748426534821535e+00 1.595141855741060599e+00 1.546064549994604187e+00 1.473592382248559485e+00 1.385767168947217742e+00 1.283178535826255295e+00 1.160164090172413953e+00 1.027568788590016657e+00 9.044769515606493338e-01
1.550465264813773336e+00 1.521974553200502234e+00 1.479755125917677994e+00 1.416744695295844680e+00 1.337852629400000604e+00 1.245476369707221531e+00 1.136700388148437657e+00 1.040661978850765834e+00 9.432904011951568357e-01
1.653390485846339297e+00 1.651582006668622205e+00 1.612014121278154910e+00 1.550562069666677090e+00 1.459965715903038586e+00 1.358741332241818700e+00 1.242713974140277511e+00 1.125254235577351603e+00 1.005582882950837309e+00
1.683030121698229520e+00 1.661081406055131549e+00 1.621407183347401748e+00 1.559990839255586348e+00 1.487254112160068198e+00 1.395770784363837169e+00 1.290780465391077048e+00 1.163459059262012651e+00 1.054668404124500913e+00
1.336108915383118934e+00 1.304138147960316463e+00 1.268667234535207688e+00 1.208455451086121180e+00 1.139905471222470101e+00 1.066739964456866030e+00 9.836455978594089711e-01 8.947617351388560403e-01 8.209866167433744755e-01
1.684225818018257215e+00 1.651761886100782561e+00 1.627226383146971100e+00 1.574722814514136537e+00 1.505528751089173056e+00 1.423416620001845434e+00 1.325791745476453620e+00 1.225317737072137758e+00 1.129307065963189638e+00
1.322564515532983487e+00 1.293103368994422020e+00 1.255666858242910244e+00 1.192906436647446444e+00 1.119338019478332003e+00 1.032588973761950024e+00 9.404654759355863813e-01 8.462045278120330360e-01 7.742536960386393607e-01
1.232387628315852357e+00 1.210952103563563087e+00 1.174312263683168878e+00 1.119905504334310020e+00 1.061594820386342120e+00 9.943442147135650444e-01 9.149983396006888814e-01 8.397250358634780198e-01 7.761157962434518387e-01
1.476672823912372756e+00 1.452919872658550826e+00 1.422017284576441831e+00 1.367280432176934069e+00 1.290636506725308941e+00 1.198792623666039558e+00 1.095305654015864327e+00 9.872916731615141162e-01 8.793964745481566148e-01
1.611799809738098332e+00 1.598432592955369325e+00 1.570779932629405407e+00 1.506296596265509713e+00 1.428805915331996745e+00 1.320684714349426914e+00 1.203215922643627422e+00 1.070341505720604935e+00 9.402817616252086008e-01
1.705833059259894258e+00 1.727853358378543813e+00 1.733082410023149889e+00 1.719545217506063928e+00 1.678825349285190338e+00 1.619362348682764408e+00 1.545357110173960491e+00 1.460267876494890649e+00 1.367785607973645234e+00
1.543496454027803555e+00 1.524736248641916481e+00 1.499389679066353898e+00 1.446764618242325273e+00 1.393201756626722077e+00 1.315619687714590924e+00 1.240060647545773165e+00 1.162436168131864012e+00 1.092926377590863307e+00
1.499495365029265503e+00 1.485579593227660533e+00 1.442017447740284952e+00 1.369958711582466071e+00 1.275946280302751257e+00 1.177792858877745763e+00 1.055714252710374890e+00 9.437155405180056578e-01 8.407987514275039320e-01
1.545017294398433050e+00 1.528954716715128725e+00 1.506983960250564136e+00 1.466094891758247254e+00 1.411353050841881007e+00 1.355778434119837339e+00 1.284262053213844679e+00 1.216438461880754218e+00 1.139725193807894055e+00
1.463804073848270937e+00 1.428238092154915817e+00 1.385537758027312272e+00 1.315782735845987705e+00 1.231657780787736911e+00 1.140384448953247087e+00 1.038304915141545992e+00 9.286454358929678854e-01 8.307043422686835044e-01
1.202335086117648277e+00 1.176396654452565249e+00 1.134620315910354726e+00 1.073262641782934290e+00 9.980064871553226968e-01 9.157346089796087885e-01 8.291133030551478544e-01 7.493111699668669745e-01 6.888498114644843184e-01
1.633912391038688350e+00 1.623973516278358398e+00 1.592021004594743605e+00 1.537727661899198628e+00 1.475470400498189116e+00 1.402636063423152057e+00 1.315381633385732441e+00 1.221857252155894136e+00 1.133784368590444513e+00
1.522506175875544709e+00 1.503214678357847944e+00 1.471667408104151420e+00 1.417405298048912909e+00 1.343728429018116399e+00 1.255211336144896661e+00 1.152649624990949695e+00 1.035953156279896925e+00 9.367964758082110155e-01
1.650805594014842947e+00 1.615982266043907822e+00 1.569774584763109271e+00 1.496680484249747645e+00 1.396025616906342526e+00 1.283921275335429435e+00 1.159955978343227168e+00 1.024240149905109032e+00 8.945981212505079716e-01
1.370997799068715439e+00 1.341447283317971806e+00 1.302145791757145510e+00 1.240247790775650838e+00 1.167078554822776892e+00 1.087521977726771727e+00 9.901614734534321949e-01 8.975472804157461626e-01 8.251140184919660836e-01
1.297066183923645921e+00 1.273105985227160453e+00 1.244421215167820671e+00 1.189669566263068301e+00 1.128151502286185215e+00 1.052219684289911417e+00 9.720963274324424530e-01 8.843724441672725645e-01 8.025872134070995978e-01
1.326568324866153725e+00 1.309028140484862046e+00 1.276467012416941271e+00 1.227523440773185870e+00 1.167247758994935047e+00 1.097167251945129429e+00 1.025364091643043540e+00 9.421859443988704896e-01 8.727766346918706120e-01
1.619679457868356431e+00 1.600787968880421630e+00 1.561098801856237284e+00 1.484744737671431780e+00 1.382454482791473316e+00 1.256765344103867754e+00 1.129022954309785609e+00 9.834501680053732153e-01 8.469140058662721904e-01
1.563928701170743674e+00 1.539040991724927920e+00 1.507438694757372133e+00 1.449999597813311114e+00 1.390764438866541219e+00 1.319433269489807881e+00 1.236542425236681231e+00 1.149327569068473665e+00 1.067977301964464720e+00
1.693452878295469421e+00 1.671725271689889381e+00 1.636979628238404150e+00 1.572435543824724835e+00 1.487021602978619850e+00 1.385767462225963254e+00 1.267849105609170302e+00 1.132841833069171411e+00 9.885568278347991455e-01
1.416088664054597768e+00 1.394059042854477237e+00 1.369442815495951482e+00 1.326025467720565620e+00 1.275992950130364845e+00 1.212704591832312273e+00 1.136995905133808993e+00 1.053117675641089379e+00 9.877771469800031845e-01
1.514923146470784188e+00 1.499137146818002142e+00 1.467323005966504335e+00 1.417174273284586672e+00 1.354878366304608894e+00 1.276983173937084715e+00 1.201667463280712722e+00 1.117063561292425122e+00 1.059046736686225287e+00
1.342420059497054785e+00 1.319411332402828485e+00 1.275039671780496819e+00 1.204816286101072054e+00 1.128478122461962441e+00 1.037090880296190010e+00 9.442691257229719470e-01 8.496582917107233790e-01 7.754562183929347707e-01
1.347235428641490262e+00 1.328483141658104882e+00 1.305527036640017791e+00 1.262253410791930097e+00 1.217212126997706978e+00 1.158902213626146649e+00 1.091134540972184430e+00 1.034742350166856450e+00 9.740262175845825210e-01
1.643026325719855629e+00 1.662935318122651829e+00 1.658496427244474214e+00 1.609968019827269226e+00 1.541922297822632570e+00 1.451021122781382511e+00 1.351088587595316914e+00 1.243700245967497287e+00 1.152599261892441884e+00
1.522106400863663334e+00 1.542651933256872221e+00 1.547036795621462568e+00 1.536299810873656302e+00 1.500921203369694590e+00 1.430363162710424074e+00 1.348422877349991333e+00 1.245508504727923071e+00 1.141979491082085296e+00
1.501694871436444867e+00 1.471046018030680802e+00 1.427698609435044563e+00 1.346611685392163915e+00 1.254674219829042592e+00 1.135312505401685046e+00 1.007391611913533769e+00 8.696916279769214553e-01 7.445192106293482270e-01
1.647385307883054928e+00 1.635472378307098795e+00 1.596906807034057296e+00 1.521828619250922277e+00 1.418754706789413289e+00 1.296657282343618656e+00 1.157731332995867168e+00 1.006661888252624371e+00 8.732606340930343380e-01
1.438553673745527783e+00 1.421811733902394792e+00 1.379065864511475503e+00 1.309849819706910390e+00 1.225607525559943012e+00 1.128316290690398960e+00 1.026685606134270623e+00 9.239133999125529462e-01 8.272248757904964167e-01
1.428074515302106606e+00 1.413102301982713582e+00 1.393185099700392282e+00 1.353127431191074592e+00 1.300071720240434381e+00 1.241904861488303258e+00 1.159862525858414983e+00 1.086717886042572134e+00 1.023605020265832666e+00
1.566596753647071294e+00 1.537639151703411589e+00 1.501401505248307622e+00 1.441679437595154045e+00 1.373737598831725082e+00 1.287002702752388927e+00 1.190853176531722957e+00 1.081616000970281766e+00 9.830953791095573546e-01
