2.515007782313268946e-03 2.780374777533184058e-03 2.003395415530855646e-03 2.202458227102937170e-03 2.567495950137069216e-03 2.586282599983476607e-03 2.846598794277947330e-03 3.028518981946688032e-03 3.027747660547306860e-03
2.430139193845143493e-03 2.627242941932293567e-03 1.885394875337602187e-03 2.120449402860580344e-03 2.260451504110541198e-03 2.454264635318347248e-03 2.553050344775499234e-03 2.738461895187956508e-03 2.484300045787716116e-03
2.733370400582042954e-03 2.501234262775180704e-03 2.082526749764561542e-03 2.182806733678872672e-03 2.307022446815950711e-03 2.613820122794994431e-03 2.773519026142526409e-03 3.140438624468032142e-03 3.122500302104288909e-03
2.273534874536286936e-03 2.370797766107255768e-03 1.797590511160512307e-03 1.951583779305517477e-03 2.138335783295207664e-03 2.279216524051164584e-03 2.525932797990286093e-03 2.581999540773285279e-03 2.368978294483385909e-03
2.764654496738270378e-03 2.787624340332812110e-03 2.099693571160504441e-03 2.486468502231654627e-03 2.561934282399514450e-03 2.891688889943992528e-03 3.272211896709868381e-03 3.492183045828080746e-03 4.545418040770324471e-03
2.559304454024640459e-03 2.583047284378865282e-03 2.007967197394740135e-03 2.102732458366734711e-03 2.362343990412444587e-03 2.602151094225370592e-03 2.695624976630784254e-03 3.052607244040496295e-03 3.180504874516275598e-03
2.411860335616749715e-03 2.391651153988392196e-03 1.830777501654080701e-03 1.939309424993147834e-03 2.198709445327311131e-03 2.370919704978962338e-03 2.379569969557425446e-03 2.368300475298238533e-03 2.373546431412229107e-03
2.333594095823237832e-03 2.365475671533453540e-03 1.776142349683698315e-03 1.876895647366722463e-03 2.062383407439998938e-03 2.182759316487244226e-03 2.386141774407658702e-03 2.489903767883867511e-03 2.849645251604716271e-03
2.245416825030130663e-03 2.183937062668742969e-03 1.677471370028236174e-03 1.790828916957331414e-03 1.896234517806743344e-03 2.058213194209830652e-03 2.142265352581055465e-03 2.160371205853678627e-03 1.975336666670354183e-03
2.152538749290402575e-03 2.308310244560337308e-03 1.772195515096150692e-03 1.930100780432097117e-03 2.150451113994758783e-03 2.276764907237966307e-03 2.505956338155637762e-03 2.831990979338127896e-03 3.097960780496647210e-03
2.899903287063478573e-03 2.814209067912618913e-03 2.104278838265032699e-03 2.290274326580987209e-03 2.512594668618397566e-03 2.697806589257010883e-03 2.934985850612209339e-03 3.071387768116535296e-03 2.933720784601936277e-03
2.533767689568641474e-03 2.386662571730744243e-03 1.733942078938962390e-03 1.910196832773922377e-03 2.037234215486433565e-03 2.206649764567684968e-03 2.366897518134153389e-03 2.444377443259572891e-03 2.747773146747276452e-03
2.534158884056868406e-03 2.523756504003088659e-03 1.850811883263422204e-03 1.935716539246977669e-03 2.041566809259570681e-03 2.256781438634075047e-03 2.309468409043185025e-03 2.279583666636842473e-03 2.175309497982975439e-03
2.442050738454020885e-03 2.459184719710595050e-03 1.956355085381044148e-03 2.019056914069815908e-03 2.214824585751005211e-03 2.559544018878535422e-03 2.608417155949426577e-03 2.719875373099424690e-03 2.834454466206082993e-03
2.474809237386744500e-03 2.616312943875315992e-03 1.938631744087441740e-03 1.991414021698846657e-03 2.309851689800416358e-03 2.344127268686940855e-03 2.500159954806390264e-03 2.539928183290063139e-03 2.479993961226408580e-03
2.467323489225154310e-03 2.507477745083237005e-03 1.936465631780869218e-03 2.027264986622595664e-03 2.252411001563546337e-03 2.461928249476210036e-03 2.678192293994777120e-03 2.667279214452861549e-03 2.766501194624289110e-03
2.696645970186392280e-03 2.918522842979131594e-03 2.145515105047552870e-03 2.356890041891102506e-03 2.501074283670886959e-03 2.753172779981236627e-03 3.070933301579533131e-03 2.905019222424152451e-03 2.928427376813187797e-03
2.644911144175527643e-03 2.617881437395714554e-03 1.994975073309933605e-03 2.131103300102649839e-03 2.184541848485547361e-03 2.468067212546057147e-03 2.745550476261940289e-03 2.923898630490005552e-03 2.822374482907207167e-03
2.154523643344969947e-03 1.963113581406235059e-03 1.546132172266781978e-03 1.597289129900268060e-03 1.644430611287225810e-03 1.782708070748149128e-03 1.737409389073280410e-03 1.701739645922471398e-03 1.643539161330550332e-03
2.683253434167497987e-03 2.788700798913682031e-03 2.121971369728789959e-03 2.348171688477567950e-03 2.591916901552417454e-03 2.828134862562643650e-03 3.235859607205436757e-03 3.703796560689771172e-03 4.053807620285124896e-03
2.239343376472500719e-03 2.142624884196418431e-03 1.641375875225083419e-03 1.723896309878481534e-03 1.727777359520821102e-03 1.837854369680237904e-03 1.754623334814093844e-03 1.599666756848048231e-03 1.382713822713486787e-03
1.827154138548547956e-03 1.848293434039385797e-03 1.340598689950297118e-03 1.374281046882990529e-03 1.469320824525552956e-03 1.585159404833534147e-03 1.570809646381451452e-03 1.467456999045151523e-03 1.353452845788415213e-03
2.534115705029626239e-03 2.790041941451954638e-03 1.907324391406686748e-03 2.003303002303996518e-03 2.241155646181880456e-03 2.281697179393843162e-03 2.438802460393841003e-03 2.451073581227833018e-03 2.365959030167176860e-03
2.850091528272890185e-03 2.912640012986762034e-03 2.283045497389635161e-03 2.456717890445362165e-03 2.589660370341570050e-03 2.806551253249542875e-03 3.090013919232852124e-03 3.055331221715933479e-03 3.105525836266412060e-03
3.170715507252420788e-03 3.237442346653667674e-03 2.239316942381802678e-03 2.243981202927865844e-03 2.501954211420868903e-03 2.723866716035018738e-03 3.152306536889617518e-03 3.697773873497515323e-03 4.095710531274258763e-03
2.382775835278223928e-03 2.498223908503339336e-03 1.879587612418903621e-03 2.077207336158858747e-03 2.450175824042714456e-03 2.618902593441363533e-03 2.983140438898578949e-03 3.229039967461923028e-03 3.602314509591978981e-03
2.322915962018923773e-03 2.421406370398865738e-03 1.919991314457465941e-03 1.985023557157899500e-03 2.142466803153183271e-03 2.182630324095282369e-03 2.186905645293741023e-03 2.027917818828884645e-03 1.775240276184925818e-03
2.394018556351489545e-03 2.480682924314886462e-03 1.888028821021124929e-03 2.054029712336730585e-03 2.212593485015914695e-03 2.473657940128593663e-03 2.636607552866513868e-03 3.042981247217041701e-03 3.599384924074938274e-03
2.321616791276531581e-03 1.961161853281995302e-03 1.686379526639223336e-03 1.737096364298518041e-03 1.756049598557301141e-03 1.935403941524070550e-03 2.094585484980950735e-03 2.002456096906681578e-03 1.761167351694727492e-03
2.225884764953933986e-03 2.116274327943650120e-03 1.641397989494936243e-03 1.669443119006394421e-03 1.716119124350703670e-03 1.764707693893587462e-03 1.570010237884380102e-03 1.389935528945963330e-03 1.627911095344946463e-03
2.627948875133796769e-03 2.684705738794929651e-03 1.942780532732171599e-03 2.191426203837819678e-03 2.517734356542868784e-03 2.661981197329449118e-03 3.002399080117015232e-03 3.359874026822935039e-03 3.959573007932625996e-03
2.702110497578185007e-03 2.683849984954609930e-03 2.018468579039259074e-03 2.271024245870290233e-03 2.176447822254921460e-03 2.318188942018380508e-03 2.460694460267019192e-03 2.466420050363203609e-03 2.419722214753724805e-03
2.517700175938326727e-03 2.438509917701562908e-03 1.955458586748683690e-03 2.045492720399251854e-03 2.270175672985519453e-03 2.307744831819394642e-03 2.513701627018514496e-03 2.425331330724507864e-03 2.130577218982906713e-03
2.485969331647458827e-03 2.469366637468522595e-03 1.743479130483488416e-03 1.794068227492397107e-03 1.800098289131044169e-03 1.982938031385495826e-03 1.840302458874933317e-03 1.750704683484393060e-03 1.535448488414363228e-03
2.270929519415214488e-03 2.256672285518316820e-03 1.670259115846536900e-03 1.788045078164038869e-03 1.931510165981980545e-03 2.115684115473465479e-03 2.201710313633960334e-03 2.328223485940528192e-03 2.329105127253267970e-03
2.220468136452367382e-03 2.292643105890244080e-03 1.783141126355926179e-03 1.838985599698953486e-03 1.980460348198651195e-03 2.190813954199786681e-03 2.455979121171697303e-03 2.552880244443291556e-03 2.814883461525299543e-03
2.722880276143883373e-03 2.707389462293806684e-03 2.049057615526494319e-03 2.124593742905914445e-03 2.436299743006160781e-03 2.563692860049421231e-03 2.634256516125366154e-03 2.570485782711296775e-03 2.145252098058756263e-03
2.367256169168831595e-03 2.197973039068482591e-03 1.720237546377208345e-03 1.906036439705637627e-03 1.981892144426511838e-03 2.126517565154141011e-03 2.384214507813303512e-03 2.640986079834742230e-03 3.076151077233236358e-03
2.852090016083727499e-03 2.857671424676510100e-03 2.124433861164500177e-03 2.431333585664637378e-03 2.629201955924498259e-03 2.898658844307229736e-03 3.183133654400612141e-03 3.425706980336957596e-03 3.565648376457851258e-03
2.263329878573827093e-03 2.302387218633375650e-03 1.698195562281585441e-03 1.821795777069756166e-03 1.970544117087314091e-03 2.192087378360259037e-03 2.320568706833788832e-03 2.559839470813762494e-03 2.966791859294945835e-03
2.308683775780762289e-03 2.522938267605769318e-03 1.959109045933467644e-03 2.130758961586228135e-03 2.451533410573822000e-03 2.533103416554504522e-03 3.010508448895216418e-03 3.141748203553133747e-03 4.064876536438721821e-03
2.068134824894704311e-03 1.947330769958092013e-03 1.722319158472343471e-03 1.804587305977773358e-03 1.875475795267824829e-03 1.981809074062398316e-03 1.893619416641328023e-03 1.655365886203553471e-03 1.479469004378417517e-03
2.378593921173083586e-03 2.562045961127214482e-03 1.919272025406702428e-03 2.164335571223194917e-03 2.374035297621610117e-03 2.618542803345137119e-03 2.988910332526267810e-03 3.528225050529486696e-03 3.826877532368168876e-03
2.900431901508000385e-03 2.934886369433599429e-03 2.111287556057338081e-03 2.372965135663215788e-03 2.743765577548774003e-03 2.999556365969319530e-03 3.280821014965603580e-03 3.743120150121111676e-03 4.186423610605632777e-03
2.803984160797438983e-03 2.945101513330924958e-03 2.125720434417828746e-03 2.261500112978492502e-03 2.578988097089987032e-03 2.795918795674855097e-03 3.150043597181488228e-03 3.762569591403538884e-03 4.389560439006604323e-03
2.685166262818407343e-03 2.727344839087201666e-03 1.944214432282593934e-03 2.260150778149517311e-03 2.295803358570729872e-03 2.258395542794612489e-03 2.313282606519913125e-03 2.190135073666439440e-03 1.800650367253453336e-03
2.723301694449929439e-03 2.824804841871227882e-03 2.070180369847543240e-03 2.235650971255239046e-03 2.266572236379276947e-03 2.502573890493649863e-03 2.534518731232510667e-03 2.496933537475036491e-03 2.235302413444265578e-03
2.322686188693866109e-03 2.309324485574239423e-03 1.799174899559189897e-03 1.933157560207034859e-03 2.062751609789870329e-03 2.174123550720117540e-03 2.249849447095762702e-03 2.235209188138562609e-03 2.189483893488183060e-03
2.368336211834491754e-03 2.650675588779673793e-03 1.997949601633592503e-03 2.166495940817203276e-03 2.296147387605338135e-03 2.501537638831507950e-03 2.738852153791973467e-03 3.089378402529503482e-03 3.476790975571956120e-03
2.292056197718296811e-03 2.340052146933204336e-03 1.800464514868744094e-03 1.868289750504469526e-03 2.036843093652867566e-03 2.268307977316019134e-03 2.510787388795956369e-03 2.567361790518312044e-03 2.621668930138198843e-03
