1.707507913201115457e+02 -9.459092148270009659e-03 1.260047547782151112e+00 6.097534597604535866e-01 5.855213918855879385e-01 1.545352953134570828e-01 1.142997852801346026e+00 7.183751421375199619e-01 1.541624514087802100e-01
1.850465899745468619e+02 5.622848071778796530e-02 1.646517793187406209e+00 5.925205047978088224e-01 4.973792751225021846e-01 1.522768123769201731e-01 1.415305183161982061e+00 4.317031594567620201e-01 1.480013823331799427e-01
1.578661947244546013e+02 4.308372886137419311e-01 1.395841574395075391e+00 5.344707165658474368e-01 3.670857028597965810e-01 6.323436635616239143e-02 5.598839207412680263e-01 5.200781888049099688e-01 1.547452204808360265e-01
2.026190460509387492e+02 4.583920794694380518e-01 1.326225100412655067e+00 5.449748034630904625e-01 5.994605847770970719e-01 1.437446308445652077e-01 1.036462313048541972e+00 1.262658252147957905e-01 1.433232382420217832e-01
1.588857687388081104e+02 -3.623451054142780015e-01 1.436096989266884894e+00 6.576555755333974851e-01 4.903501700031728805e-01 1.777923118963370963e-01 5.101231048457940398e-01 6.822530309141919824e-01 1.462973283476894648e-01
1.999204695287626237e+02 -3.020088522167260203e-01 1.452838615233389419e+00 4.726876439973712318e-01 6.530361117390757197e-01 8.001400100695890694e-02 1.125560457068496056e+00 1.019101775142674082e+00 1.455982218533754535e-01
1.979900618882384435e+02 5.762918505119158930e-01 1.320273566394733145e+00 5.504481716644947786e-01 6.825101762397677296e-01 1.008428169512190081e-01 1.314813532296877918e+00 8.847388245180880517e-01 1.492101623260648768e-01
1.533056400065543698e+02 -1.735917814246680235e-01 1.115175736445157106e+00 7.883845909587106071e-01 3.731186329960666792e-01 1.044266222952863893e-01 1.354273029211908064e+00 5.702708208234980036e-01 1.498949107774998901e-01
2.360396366536151334e+02 -3.411177989017839529e-01 1.268570948630261430e+00 5.497909215325491594e-01 5.413090389180771345e-01 5.341045253071920185e-02 1.310152688076098082e+00 2.865811542266359924e-01 1.531968554913066272e-01
1.402464020462939516e+02 3.937255178422980340e-01 1.372873970225298113e+00 4.796639244304972127e-01 5.959284055494549204e-01 4.591114381072110284e-02 1.575743487612343952e+00 3.648530556556460192e-01 1.488824140907032689e-01
1.655671615480678156e+02 -4.710588509698080406e-01 1.166289261835471880e+00 7.238711962383238552e-01 6.372957840699235987e-01 8.317280515772280947e-02 6.946953143163899780e-01 9.693445850070560033e-01 1.444069840745302036e-01
1.855048973180819587e+02 -3.889935675697997475e-02 1.639369803278086124e+00 6.980438132495619952e-01 4.781567468330418791e-01 1.090938183923717969e-01 6.931228460092100363e-01 1.260292993433151931e+00 1.575493760953657341e-01
1.410716659163589952e+02 9.615305224434100850e-03 1.705774414237898995e+00 6.226112996838057967e-01 4.993733331950689358e-01 1.309740127266848797e-01 9.666598544657859504e-01 1.370606650778402047e+00 1.499811645838431962e-01
1.968061670572496382e+02 -2.937595955639460410e-01 1.628317002103043754e+00 4.691064418037422246e-01 4.714561500993249554e-01 2.232947231845463787e-01 1.406632393475931941e+00 5.376006889203559513e-01 1.517450190759496997e-01
2.001556486596818445e+02 -3.338035343773659847e-01 1.785049220891048893e+00 5.981912716934458807e-01 7.270560315862917289e-01 1.571720083267427737e-01 5.659653667702020385e-01 7.591412102958799979e-01 1.486023904597153777e-01
1.952230585617944598e+02 3.471444731671360362e-01 1.532056186351925531e+00 5.134338547047225809e-01 4.472614672621714749e-01 7.831450104177929694e-02 1.055157391658674060e+00 1.423224452969928056e+00 1.437873791211284891e-01
1.609354287841124460e+02 -3.493827311120299983e-01 1.534931386894391458e+00 7.604629958518780430e-01 6.715929185799318635e-01 1.869246772339100970e-01 1.387829640444057988e+00 4.668995939303819953e-01 1.443505290292436127e-01
2.234297598601552011e+02 -2.812857762988040244e-01 1.403587965993210895e+00 4.653594280425460417e-01 3.339907599153618123e-01 1.561746264873072054e-01 6.438336839511360488e-01 6.361784283056239886e-01 1.409147936410736490e-01
1.786717409995617913e+02 3.908836164589359896e-01 1.231991941636117804e+00 6.174246430960486087e-01 6.430090751912600489e-01 1.086505958673077976e-01 1.095818152314361971e+00 1.502466220657030060e+00 1.554004919903352877e-01
1.741807337761856616e+02 6.602661293714000568e-01 1.003167696101902040e+00 7.807915706713683957e-01 4.665427053637493660e-01 1.117204040288924914e-02 9.881597614443560218e-01 6.725475120637559590e-01 1.468414112031692920e-01
2.189560852569994154e+02 -2.908806430206940519e-01 1.504653446817460161e+00 6.438502631173468327e-01 8.280107122257660546e-01 1.182616750244051829e-01 1.197511882067967992e+00 5.792259203968560533e-01 1.572039652093313866e-01
1.878447407142957957e+02 -2.761736849338439770e-01 1.445403091026003839e+00 6.875958743207157831e-01 6.681949749766693536e-01 2.524830455365589810e-01 8.432604463941719697e-01 8.104640040546660096e-01 1.478140093302354463e-01
1.559837035425007059e+02 2.969248015278320718e-01 1.819703115368883406e+00 6.275004731598310403e-01 3.711075028061558978e-01 1.278726672483608828e-01 1.830436158653659939e+00 7.447044694268459830e-01 1.450004484799224946e-01
1.494178968197666393e+02 -4.837906930750801582e-02 1.607390283309233503e+00 7.271360248778944158e-01 4.501295565534380039e-01 3.838602356170289776e-02 3.939356366281079880e-01 6.506974556297060452e-01 1.385604178476845805e-01
1.540978349475190043e+02 3.683866758147880116e-01 1.586863973519610171e+00 6.801679244255643964e-01 7.308164724428984904e-01 1.594699508564081936e-01 1.064689833866431901e+00 1.244743445715867924e+00 1.464082243378506953e-01
1.624739658019970534e+02 -4.228938112035399710e-01 1.328851700769893451e+00 7.794723588950001059e-01 4.108938386066972592e-01 2.149299252359196111e-01 8.841110079005980449e-01 2.387155032670119914e-01 1.579483222016598853e-01
1.701632393655599458e+02 1.816453121602539245e-01 1.718210243087727962e+00 8.017357324226758175e-01 4.753170574126607817e-01 9.312235713889829847e-02 1.551932271143112052e+00 1.292387634917784078e+00 1.507905018894234728e-01
1.737156376683851704e+02 -9.851136499581237826e-01 1.520411737566502719e+00 6.489285127045587576e-01 4.931371402423826988e-01 7.031361674913209903e-02 1.322524827181672080e+00 1.191942817770565988e+00 1.490332727470202456e-01
1.515833571536931856e+02 9.850304996594805296e-02 1.423606628752314363e+00 5.217842378420758376e-01 4.294656642930734791e-01 1.984070213134400962e-01 4.287758417272319877e-01 1.297303074272349921e+00 1.477153758136089956e-01
1.369704926592530683e+02 9.102244483307009304e-02 1.670872399534564234e+00 4.570829647234641024e-01 5.181177501583780209e-01 1.615538354660384923e-01 1.487873074134502094e+00 6.140520665282379609e-01 1.616274153157137294e-01
1.251321650753962018e+02 -9.038963492338802919e-02 1.960678050339843104e+00 6.021254579462109735e-01 7.154553199900935967e-01 1.252913324597756950e-01 9.598158132688460187e-01 8.926326468105739709e-01 1.493657440629322375e-01
1.767809507139026550e+02 4.381592880872380302e-01 1.525526278791327961e+00 8.100315418145620505e-01 7.402428013555858444e-01 4.126849387376579220e-02 4.095454370432219937e-01 7.721898627420880068e-01 1.497170347078237984e-01
1.336097985883243098e+02 -5.789977084115760508e-01 1.807330573107271077e+00 7.517904512630775304e-01 5.393460503569029729e-01 1.200672754130792941e-01 1.023355617633399994e+00 6.228385582892219663e-01 1.595479608836816721e-01
1.690524084852077635e+02 7.218293925902408148e-02 1.286015652695515765e+00 9.036094646654091456e-01 4.805973151911361874e-01 1.743289466274438038e-01 5.957635103041919455e-01 1.020567610861423891e+00 1.513765129453270020e-01
2.295995781603269563e+02 5.526778831969318961e-01 9.073600750526724656e-01 4.926817809962668049e-01 5.622848014673991202e-01 1.355487366877496935e-01 6.615740893796699940e-01 7.665781149143979789e-01 1.557712682606419707e-01
1.286967333834618898e+02 -3.696970524949340087e-01 1.300705010669151562e+00 5.406039219028317966e-01 6.981934762489985236e-01 2.113003483617213185e-01 8.375987962136659526e-01 9.799923979987700262e-01 1.502853804031852591e-01
1.610810870847199112e+02 -1.288513697264720426e-01 1.340742956553430343e+00 8.544502329938116203e-01 7.152675326405248946e-01 2.051357915319969027e-01 1.114439103640616047e+00 8.177853601068879597e-01 1.525242101631359981e-01
1.654318347712978152e+02 -2.461880117033998783e-02 1.651115424455919189e+00 8.071876687756738278e-01 6.651821490971682183e-01 2.181394734045024042e-01 5.164823328439760441e-01 8.317450971885900213e-01 1.504779345053015582e-01
2.005030934101669118e+02 -2.687890230352060206e-01 2.066385680587651485e+00 4.998871579328554304e-01 7.262202709123184441e-01 2.287292417767457925e-02 9.719155124419680547e-01 5.601939636841419823e-01 1.511835184055613512e-01
1.269741726181237027e+02 2.815077601404238905e-01 1.244179362772033226e+00 6.973087311401031663e-01 5.579846628439457668e-01 1.365971769667229940e-01 9.282172598751879944e-01 1.498170134811662058e+00 1.470969091947190721e-01
1.781684414722257941e+02 2.536216254547860594e-01 1.490658510090473454e+00 7.826826337245291754e-01 7.739227385631920475e-01 1.978952961168252145e-01 7.393999198234340042e-01 9.497219106058280014e-01 1.452657311572227716e-01
1.602394709561486366e+02 5.900868907198300040e-01 1.621575716126089528e+00 7.845789400069042019e-01 4.273939022404761867e-01 2.078494450517462955e-01 1.105182997647983889e+00 1.042384442483696105e+00 1.551424337463686576e-01
1.645074019500752343e+02 4.940529464743992349e-02 1.386367877778131419e+00 5.284060898586178112e-01 4.048225137468740020e-01 3.563798209186649912e-02 1.762628876850939941e+00 1.414846074596668002e+00 1.549852001407416580e-01
1.129107389156706631e+02 6.220482178187602962e-02 1.174991646097352405e+00 4.882468773033472043e-01 5.261387417108441822e-01 2.197466979336459014e-01 9.245160625409339916e-01 9.282341306889440036e-01 1.466321935805725007e-01
1.293895242371363565e+02 4.375242232810805376e-02 1.808832800851513545e+00 7.551976653840394293e-01 5.651920727662897992e-01 1.962740290821531064e-01 1.589744863646725959e+00 3.735811647539959979e-01 1.535925910556921736e-01
1.225310401349561573e+02 -1.799202817957801237e-02 1.310663757920730532e+00 6.521333892303520230e-01 7.212788509692378280e-01 1.126324649318120874e-01 1.452489447208741957e+00 1.060460742986760074e+00 1.591863052642671361e-01
1.917545640979660106e+02 -1.997802816641820467e-01 9.651113441729304299e-01 6.281357663166712291e-01 6.621880219322631156e-01 8.649894280498859889e-02 1.212482817646425959e+00 1.586802243239556098e+00 1.474147282795515157e-01
2.017004218918736456e+02 7.255989615557099093e-01 1.791269674741353235e+00 6.679667147593570942e-01 5.204385036951082455e-01 1.322563195405526970e-01 1.775610246045203899e+00 7.880409897646559747e-01 1.571998219245811790e-01
2.206444159025558633e+02 4.049752753476298928e-01 1.426540016699737068e+00 5.564701836574822424e-01 7.117404068021573327e-01 2.366800867994315882e-01 8.638477180572220471e-01 1.000675898130672037e+00 1.485949383494676868e-01
1.535233674068003609e+02 -1.479534619736180279e-01 1.542975299759302477e+00 8.801281321085991927e-01 6.237341182377813542e-01 7.348898642114369550e-02 7.048581939004360253e-01 1.145455666294632024e+00 1.426924440686125339e-01
2.068112917960388586e+02 -7.981323020874220298e-01 8.804239399318273263e-01 8.095398611431012803e-01 4.864774969453766751e-01 1.412150355901103937e-01 8.879839398758480051e-01 7.285221756948160321e-01 1.481909105349099309e-01
1.395871330614899648e+02 -4.565040720409400121e-01 1.052850549270709646e+00 8.241022299970497400e-01 6.709023874402819665e-01 8.158558370778329349e-02 8.289758486983680452e-01 7.847834242181860320e-01 1.582468850911362135e-01
1.506598402657546103e+02 5.343320888808620328e-01 2.077078667350269470e+00 7.170384659934789795e-01 4.531113183292713731e-01 2.117260231426916842e-02 1.155410491299506015e+00 8.597388933350640361e-01 1.505160414565121785e-01
2.154927720734849572e+02 -5.959363165715079180e-01 1.178691451531213907e+00 7.184875552337613991e-01 7.065223183800308782e-01 8.284920573816630107e-02 1.661169493213915938e-01 4.740960993866120132e-01 1.545857717091217443e-01
1.801375155502465191e+02 -3.121960558618099846e-01 1.144767676490048069e+00 7.461564883878453180e-01 6.072014919603244687e-01 1.957713275384156681e-01 1.377550339264173918e+00 1.350203650907302100e+00 1.439954360064584771e-01
2.036886307452804772e+02 1.643296500419579864e-01 1.898842135771487971e+00 6.731197149599902341e-01 6.506315601383489966e-01 1.831796897652092915e-01 7.451644846688340040e-01 2.530795677735779847e-01 1.623972848828882098e-01
1.665292118795914007e+02 -7.003759300056839887e-01 1.256779871548835859e+00 4.603627342535182021e-01 6.199579343118242214e-01 4.054061093716890274e-02 4.304738421769199741e-02 6.006025593727819523e-01 1.475834267556667134e-01
1.550513203145237640e+02 -2.114164104033260383e-01 9.224171422243429008e-01 5.777392346942800128e-01 8.727600252645404399e-01 1.682076922175474720e-01 7.992248202286039716e-01 5.553616394180179716e-01 1.510763527455506738e-01
1.726975677484878986e+02 -1.683616191567860465e-01 1.863726603044353114e+00 7.308554215114564379e-01 8.299929646777450820e-01 6.932143131922920143e-02 1.188896785126998035e+00 8.232437079896519627e-01 1.415232842700555882e-01
1.819687914364040466e+02 7.011948026778800358e-01 1.777025459364522497e+00 8.202401222051121099e-01 4.546879783948729603e-01 1.949529483737423852e-01 1.339371184239473989e+00 2.234121448950220079e-01 1.441287158274790203e-01
1.751885615533684017e+02 -1.544422087523460441e-01 1.209825700868231380e+00 7.204573337645272524e-01 7.854358497310895970e-01 1.465938792880626118e-01 4.374431258688379898e-01 1.029972609087514090e+00 1.603095941854408013e-01
1.948349064978538081e+02 -7.943580513354397965e-02 2.096457420400343885e+00 5.302319993721322788e-01 6.611901818905022710e-01 2.042303144752515009e-01 1.251872574665273907e+00 5.879754386655979825e-01 1.420287326496094682e-01
2.056919459573691995e+02 4.973761848174040878e-01 1.765033437237299108e+00 5.270301305763424038e-01 7.718253477638742366e-01 1.244496327135710956e-01 1.077818307179648105e+00 1.281641581733711899e+00 1.566740745306480775e-01
1.944131698823766783e+02 -4.058293822345639956e-01 1.291627262876680060e+00 6.254455664437263973e-01 5.808170251668585138e-01 1.215390018234029923e-01 2.751391049878060269e-01 1.639127666444208042e+00 1.476720414344221410e-01
1.734784346000523954e+02 3.754837179603061070e-01 1.127354931584559239e+00 6.851639329851604288e-01 4.173898732168602743e-01 1.758844898473469753e-01 1.688185184947214035e+00 9.243235363935440319e-01 1.635416677077300984e-01
1.796230450186412213e+02 -5.242942878340060009e-01 1.073188754048508331e+00 6.217881025224922809e-01 6.268093861372521225e-01 2.645656487133818957e-01 1.410259173129063903e+00 4.661505849473179808e-01 1.434873205587267886e-01
2.107292109560220865e+02 4.501644375299420631e-01 1.858941869984381823e+00 6.140310061485507731e-01 4.089182032293172675e-01 2.339119417299516113e-01 1.171498136331015960e+00 1.181593164890073933e+00 1.472821191824273956e-01
1.437896596979117589e+02 6.330525643595799057e-01 1.800767789581480427e+00 5.624493771847336454e-01 5.892740777120928364e-01 2.138675687636714950e-01 5.910290757163120245e-01 1.136581503885488065e+00 1.519698164425790365e-01
2.124631095064104898e+02 3.023329098864202535e-02 1.552297739873174764e+00 6.614064531945622605e-01 7.506104580354873157e-01 2.570121104673017687e-01 1.463989828705478002e+00 3.894682563949999898e-01 1.548152771778637526e-01
1.894970135728362948e+02 -8.257791023220245608e-01 1.538332692980456162e+00 7.338905820646324241e-01 5.277237364810428710e-01 3.957239950285289937e-02 1.572965066245135990e+00 7.359067409609759691e-03 1.389466613591648914e-01
1.207043607288506450e+02 -4.189531829937680474e-01 1.239415364942358044e+00 5.677863039961084102e-01 7.334923209441670533e-01 5.813207755517219716e-02 7.713878870802000076e-01 1.057487771240994023e+00 1.394350070602726199e-01
2.256186342772562625e+02 5.569013699330380707e-01 1.508826627079552951e+00 7.148718584901652129e-01 5.699883916353959412e-01 7.483685246156519810e-02 1.766968918756272044e+00 8.779553905253599799e-01 1.381555895164841841e-01
1.331390475470107049e+02 4.441824129673959121e-01 1.034158452550724805e+00 8.565083666020072428e-01 4.004090204086773741e-01 1.729133478917645739e-01 7.147963672255479572e-01 1.847617619251832044e-01 1.431914718410931542e-01
1.466516839433460859e+02 7.786850738106299019e-01 1.512318198349326792e+00 6.066010717470196045e-01 5.452800044105390320e-01 5.777128223027099690e-02 6.744632973366719852e-01 1.317899151396316082e+00 1.380001638434361633e-01
2.136334247499472099e+02 3.199730659928179399e-01 1.580739508000978510e+00 5.112708753771147974e-01 9.327918103151020546e-01 1.020517184901983954e-01 4.557926289954539745e-01 4.905467651644719873e-01 1.537256147448904930e-01
1.445879541464383067e+02 -1.623385750269520367e-01 1.725999696697264163e+00 8.344268437712452080e-01 5.050273643837621673e-01 2.322467047958634012e-01 4.791938373539599838e-01 2.268385321367540064e-01 1.442491549123544048e-01
1.889110684761544121e+02 7.448840438170980516e-01 1.864703350630899203e+00 8.432580726998859522e-01 5.028312914002843748e-01 8.705710617592560263e-02 4.871922641821819777e-01 5.965751602780080542e-01 1.598359896514797707e-01
1.166232045785291547e+02 -6.582868397235985825e-03 1.335971811496031503e+00 7.051767362435350517e-01 8.077367676944318120e-01 1.280215576074552053e-01 1.503891391209325912e+00 6.905734497588119636e-01 1.400641057495260744e-01
1.988889074944891036e+02 -6.591500921795759860e-01 1.742994699328983099e+00 7.103051185482184282e-01 4.574592353599146177e-01 3.121637925994590057e-02 1.513350924275194131e-01 3.728879988038300008e-01 1.612821225924417345e-01
1.843928945612861412e+02 5.454222283620999701e-01 1.212843781562521484e+00 8.846871384563853580e-01 7.378305814499035442e-01 2.024565427617635860e-01 1.107881538731356086e+00 4.108379514903460206e-01 1.564828855355037407e-01
1.527040858349064933e+02 2.466631702566519646e-01 1.104244160525345686e+00 8.194594986611043463e-01 6.860299458799419270e-01 2.219081474316770830e-01 1.048721883616720030e+00 7.090572443138799530e-01 1.390468154870672102e-01
1.641055011537391124e+02 7.819106743345038968e-01 1.941982694097329265e+00 5.022122351531872475e-01 7.527564992438229297e-01 8.434515328961429692e-02 1.346651705306334046e+00 1.117598660918883935e+00 1.458884687047218853e-01
2.115975263605359942e+02 2.650579068996019583e-01 1.644354541175377493e+00 8.936476777014321637e-01 7.646415303887335035e-01 1.053522359880152970e-01 9.411096933406459808e-01 1.194047083080125971e+00 1.449209025218849978e-01
2.336872135630109426e+02 5.700848249314980354e-01 1.361011646485110749e+00 8.275126473358833668e-01 5.292052121986633439e-01 5.516260222182600009e-02 8.786285492700219857e-01 1.411515880455262106e+00 1.556865939371287755e-01
1.133990639537805691e+02 -2.604708751322080129e-01 1.828226388272209180e+00 4.263447038070298789e-01 4.236161901792510065e-01 1.333267658574041892e-01 1.467383433245122104e+00 1.276055792709811954e+00 1.473664065559162073e-01
1.345162138588493406e+02 4.154373819582779515e-01 2.007826744242882544e+00 4.873295180695132456e-01 3.027652612887322681e-01 2.755775887309571889e-02 8.573532023948300385e-01 2.640058459496740229e-01 1.398996955156093513e-01
1.882559160130331293e+02 -6.855172236558679799e-01 1.774790632102483112e+00 5.597467246083543957e-01 3.236058792460243527e-01 2.517614539100321847e-01 3.425743484621239787e-01 4.955031477597859890e-01 1.524771256544860398e-01
1.717132562708574994e+02 6.106155111625160004e-01 1.413197864746985166e+00 7.359380417042410416e-01 6.409391642830641889e-01 2.478673088464418972e-01 2.589464545932900208e-01 1.474487695315231939e-01 1.553701092087663715e-01
1.420137902360874875e+02 -6.244888655624040164e-01 1.701324875703702943e+00 6.440222533778290348e-01 7.189419936145807766e-01 2.421069213987794844e-01 6.821477372509739956e-01 9.015276491533340542e-01 1.446272114756749771e-01
2.322312427863944606e+02 2.887461966959139481e-01 8.681906494062084922e-01 7.930651963609269828e-01 3.006960823780391312e-01 7.918403780716469498e-02 1.679958410994150109e+00 1.751553251516693999e-01 1.454311220104340385e-01
1.220416575665585555e+02 -4.882941776420920421e-01 1.442273747231811898e+00 6.583662907169199885e-01 4.460061776563523095e-01 2.152522300332786187e-01 1.049554432850952068e-01 7.370396628168720543e-01 1.576786772551247995e-01
1.461831868173321993e+02 2.298247773386539183e-01 1.548929067071837640e+00 6.654644387788137827e-01 5.934697563182560476e-01 2.267453178018332682e-01 7.830930188282699822e-01 1.570914400788024023e+00 1.581399428737582658e-01
1.274428267470794509e+02 1.426816797877359377e-01 1.157092834911153778e+00 5.520705448319206399e-01 7.477388087420261398e-01 6.856011601164929692e-02 1.798845960153266088e-01 4.041818555754919662e-02 1.613987618976971128e-01
1.929245714606950060e+02 -2.480545779798799533e-01 1.989923692201109651e+00 7.575158922402189798e-01 3.579015814451655397e-01 9.924695157725368921e-02 1.001954202046617892e+00 1.342934863002350099e+00 1.373102730665821669e-01
1.170704918238334074e+02 7.901635588100179852e-01 1.139119410990738102e+00 5.950901718763635939e-01 6.766074989936314843e-01 1.811456578439100129e-01 1.629691137558159975e+00 9.999317077159259881e-01 1.483632598415250137e-01
2.370297657010378032e+02 -3.940505760178599770e-01 2.099875448639660469e+00 7.760519883437080324e-01 4.416791589716446698e-01 2.085163240635302950e-01 1.014210021289376096e+00 3.522471482958640099e-01 1.526689472646918233e-01
1.425132243268890875e+02 -5.726619108424801929e-02 9.524914333008542844e-01 8.637931562741290037e-01 6.312176020143864807e-01 6.412249005795450651e-02 1.731814332896222108e+00 1.077025870357949944e-01 1.593430030358257143e-01
2.390582999832695634e+02 -4.972904680001859479e-01 1.631045592057984717e+00 6.620116398734974261e-01 6.455017516717780346e-01 1.736371830394491111e-01 1.542581308167428000e+00 1.480388271370902009e+00 1.527673526431666817e-01
1.832646746946266489e+02 5.616278056241579275e-01 2.071951042487441441e+00 6.943810929707254775e-01 5.764993969148488606e-01 1.238899913947097975e-01 2.496373422474920112e-01 1.322286201864480093e+00 1.456030281595187548e-01
1.095791451487457380e+02 9.027950828724220500e-01 1.518634311059954944e+00 5.243053707475774372e-01 6.951428884165363753e-01 1.584649666086770936e-01 1.382102087048503902e+00 5.614577295103419935e-02 1.560510038653621645e-01
2.143153454541461542e+02 1.234086297762899687e-01 1.430572049121372480e+00 9.249430192289872510e-01 3.870028819074701754e-01 1.173184332880190944e-01 7.710668287860859664e-03 6.737667062009380370e-01 1.424765878151869614e-01
1.983792465827428089e+02 -4.847482267301520542e-01 1.187982803624434203e+00 8.041041391566394747e-01 6.880850307067544191e-01 1.037352886998560986e-01 1.852671114547798092e+00 1.011908992365933901e+00 1.624197802658658707e-01
1.573054313056636033e+02 -4.122136616380880358e-01 1.562404025945967945e+00 9.937892622458746050e-01 4.372909570471382734e-01 6.589248267794040048e-02 1.477184042197962066e+00 8.476051199684540016e-01 1.407280429800041310e-01
1.934240801637060940e+02 -7.286024296081939911e-01 1.456914676349610138e+00 5.653210645793007583e-01 3.899302408336660641e-01 2.502174117248505136e-01 1.040138601091070036e+00 1.405653961597320034e+00 1.408378520572791115e-01
2.469923178493044986e+02 2.209121674112979328e-01 1.380711858883965304e+00 7.258435916951859745e-01 3.631125149213088044e-01 2.406208985932170030e-01 1.846598137210434087e+00 8.015934998573119863e-01 1.520919198390562332e-01
1.184478595380204951e+02 4.757093709132940162e-01 1.038415125557687446e+00 4.371365204309113905e-01 3.911877825551979826e-01 1.395395988237578822e-01 1.960677085480031945e+00 1.408652352790038106e-03 1.543361132808495351e-01
1.681073554648319544e+02 -7.462666824196160231e-01 1.882137728032811985e+00 7.621816768399438669e-01 8.614449639062704556e-01 1.604672491948586910e-01 1.399699961557054007e+00 7.490074642763160373e-01 1.544966751425294049e-01
1.824509471995988577e+02 1.731323317500459424e-01 1.464966014997102217e+00 4.969847633563911904e-01 6.145496449255537508e-01 2.569357680878600614e-01 1.332897739959880035e+00 1.542287130655410010e+00 1.587968109380919757e-01
2.022754176933084977e+02 -9.654123482915200061e-02 1.662146853887475961e+00 9.815772049343212124e-01 5.123570778096718792e-01 1.480253479159437113e-01 1.224771391502581963e+00 9.074404112513480003e-01 1.628202879771823430e-01
2.260794737422838523e+02 9.091735057036081091e-01 1.756849631614052498e+00 6.110334151620046006e-01 3.420783496033400484e-01 1.217604914912954854e-02 1.563503112064984046e+00 1.210317665063775916e+00 1.542280819607200204e-01
1.325088177218567580e+02 1.754650368029260221e-01 2.040023755784146076e+00 7.670406432449818901e-01 8.016060285406030328e-01 5.421407086332329789e-02 8.670081587818759816e-01 4.393155538290740014e-01 1.605336308598285799e-01
2.133145844379905611e+02 -2.055875113513320196e-01 1.119913130432366843e+00 4.358190483655780545e-01 3.474463424322505878e-01 1.228753661450462942e-01 5.433327160682519530e-01 1.598009291511649943e+00 1.617902053978759747e-01
1.078597383876331151e+02 1.163850796051939529e-01 1.834417617398159672e+00 7.739241671501655429e-01 5.115328918061372576e-01 1.559475294684525004e-01 3.499838037524999890e-01 5.428307355148720426e-01 1.627391946187242977e-01
1.139235157067887485e+02 -4.508440898126000462e-01 8.062820813275564102e-01 6.926771533126012681e-01 3.589512032020525933e-01 1.106604377888141949e-01 4.671569852468859807e-02 3.329654134204619864e-01 1.536415771149099163e-01
2.402706293459050073e+02 3.003553316338600787e-01 1.265121159714335697e+00 5.746900397241118119e-01 4.650812038736573673e-01 2.709284906461835729e-01 7.280765983819339482e-01 2.939291946170859982e-01 1.632548328410135807e-01
1.699992588257882460e+02 -2.534721906390039470e-01 1.227559504670557189e+00 4.590322349686176140e-01 7.006789603227907559e-01 2.710361769844311097e-01 1.152156319168085918e+00 4.507194495433939907e-01 1.647919515700778104e-01
1.246568754025502557e+02 4.072998147737239005e-01 1.236367788427975789e+00 6.407865342879670578e-01 9.217937395269983902e-01 1.015416321826631968e-01 4.057598253960419954e-01 1.094146016713541947e+00 1.540224737733369709e-01
1.158310888630803959e+02 9.396932748658579637e-01 1.654661601639353385e+00 5.016474513630382326e-01 5.358653573639069467e-01 1.998538599899040147e-01 2.026765036629520067e-01 3.830868635621539897e-01 1.460419728294713448e-01
1.489695962159894407e+02 -1.801690635892260195e-01 1.560200202565951155e+00 7.689941497645342849e-01 4.626312560053383871e-01 2.534287877953610990e-01 1.131665735576921961e+00 1.661152011107964066e+00 1.534334418451646642e-01
2.330187121558701904e+02 -7.068282903808480455e-01 1.842484171413661276e+00 5.843061748109757980e-01 8.138162177054522051e-01 1.070631521402393843e-01 1.890669640257643946e+00 3.031116096613299948e-01 1.515891466574044721e-01
2.311276545331348018e+02 -1.201746135996659692e-01 1.599931975290334707e+00 8.776469176807437655e-01 8.491504747477980342e-01 1.808407000137959852e-01 4.452675218880179919e-01 5.150376161777719952e-01 1.538031855517300039e-01
1.150735841315473067e+02 -9.956208916194736469e-01 8.109790257145651493e-01 6.338738359776328046e-01 3.139375835474735865e-01 8.982333625410689193e-02 1.297055108151397906e+00 3.365501775747780089e-01 1.427581624863203669e-01
1.924500112920068773e+02 6.398559443714719741e-01 1.847384850748814422e+00 4.466946358461864608e-01 4.734648027603980402e-01 2.582315431539899953e-01 1.912703373523739980e+00 6.559952846588560371e-01 1.521909964845748475e-01
1.958898765544873015e+02 4.896387045069900967e-01 1.000279581920864747e+00 8.758295223470775603e-01 4.203473236201487606e-01 2.787233248401900232e-01 1.302571236803196086e+00 2.131866516359159913e-01 1.508801674607442578e-01
1.497743600417161076e+02 -1.461228480190039924e-01 1.366828480900886600e+00 8.229963507005013668e-01 3.853413782942419763e-01 2.494906073855235051e-01 1.256159439363206065e+00 1.162832237610903929e+00 1.368669550816994374e-01
1.993951713645365658e+02 3.461453298261996103e-02 1.087471977803390777e+00 4.941167749520392061e-01 8.394305895951887919e-01 2.242326256928498796e-01 4.606186870438980230e-01 1.379844107073731951e+00 1.533767469385639015e-01
2.217291903096484020e+02 -3.185535814659680165e-01 8.939052324802615468e-01 8.155900642941705803e-01 4.946159755415280856e-01 1.446054050051606976e-01 9.532116243786480370e-01 1.565472185310597952e+00 1.601926862997934409e-01
1.862752317398553998e+02 -4.298774988887219539e-01 2.047212475149116528e+00 9.517651051688008623e-01 7.095741148057859160e-01 8.895457326504389861e-02 6.224952096041920235e-01 9.461823548686999485e-01 1.518059655107790729e-01
2.044093602668726533e+02 1.355886382159459114e-01 1.147921115692239757e+00 6.132910026414322147e-01 8.640573083922888920e-01 1.705641618787775982e-01 1.173567908275872096e+00 1.757836508559994071e+00 1.503102544454391898e-01
1.973351581363240257e+02 7.343783990386880678e-01 1.223000665092996320e+00 8.290808382048273639e-01 4.343666496715353764e-01 2.450134768078569003e-01 9.375079857589060373e-01 1.444082315599855892e+00 1.457369408934842681e-01
2.282594260066981064e+02 8.450694475586839616e-01 8.266354984908054204e-01 4.253452904336154639e-01 4.869562470773234897e-01 9.762313430383799673e-02 3.205449846945699899e-01 2.050402842074020016e-01 1.392700346146477641e-01
1.568288787495112047e+02 5.896927095017989728e-03 8.495839329975036769e-01 6.698199942698703779e-01 3.984238909065411782e-01 2.696509087062440996e-02 7.644387705298140157e-01 1.944343894685929941e+00 1.489143231808673917e-01
2.090283245821482865e+02 8.594409340635560390e-01 1.766790574748069442e+00 8.304322721473870184e-01 7.965054975125629433e-01 1.886252817877104027e-01 5.060961295974759633e-01 5.508853458100919642e-01 1.562985851111821922e-01
1.035549235419603065e+02 1.128140703712900983e-01 1.927028661905942686e+00 4.519080865271389857e-01 7.606857286013353203e-01 6.115595644479629445e-02 4.816393845978499955e-01 6.641782858129600120e-01 1.397334698666585773e-01
2.347150280452333106e+02 -1.166272069606919537e-01 2.086961932497409133e+00 4.231230630064383713e-01 3.279634415384692359e-01 1.069423145798501923e-01 2.639363241024940132e-01 1.540601861228546032e-01 1.606254784735851038e-01
2.096606648287269934e+02 -2.404966097713140405e-01 1.461540917460186328e+00 8.123145503182893634e-01 7.640512288323757506e-01 1.767664631051009960e-01 8.233992373136179710e-01 1.470595415870969980e+00 1.370031867572804873e-01
1.458966541882836907e+02 -6.185602181948099965e-01 9.541106309470098745e-01 4.534835011814721262e-01 3.975215127419218231e-01 2.912913307002746865e-01 5.371536307952680112e-01 3.536262037279079840e-01 1.546724034863058705e-01
1.899075179529608590e+02 -8.270275210496003115e-02 1.010850712108736005e+00 6.050418564695866364e-01 8.227295315376637053e-01 9.075844032457109495e-03 1.636736524356529943e+00 1.157272556790462037e+00 1.358185789238428864e-01
1.776004710178821995e+02 -8.351306135238457662e-01 9.861777830766518260e-01 4.215409692418761733e-01 7.242167264028294138e-01 8.548080196604130113e-03 1.493694833295110103e+00 8.413020583180079726e-01 1.634395399071509325e-01
1.562028661533258855e+02 3.628810929553580866e-01 1.252522758834218930e+00 6.913693376914600286e-01 7.361119819315307122e-01 2.779342043546492724e-01 3.905582672590379723e-01 1.381762921842746072e+00 1.496271826979704289e-01
2.104472711806883467e+02 7.622086324635899413e-01 9.687214215730008959e-01 4.541533200107515378e-01 6.569564433355508104e-01 1.479161021048202018e-01 1.949860841951644108e+00 1.364404054866172000e+00 1.539798827728023900e-01
2.351497995781246004e+02 1.989418841044721109e-01 1.577839375336343775e+00 8.474404941564424032e-01 8.993959220564768930e-01 1.855760178714990077e-02 6.323975084365039967e-01 3.142760332254699862e-01 1.418511732027400163e-01
2.444464846972841485e+02 8.131082103168600916e-01 1.913895627975463309e+00 5.546233787131498172e-01 4.132023046562295909e-01 2.013005570601671956e-01 2.342564186764259926e-01 4.441632393421600100e-01 1.585344378266017873e-01
1.580580048143165470e+02 -5.731967108929519883e-01 1.813871631086183989e+00 5.787616748758593888e-01 5.831330827027556563e-01 1.261232264486606969e-01 4.977339443331579849e-01 1.707118440363555978e+00 1.637196877968264686e-01
2.241730549903586507e+02 -9.064373070156821477e-01 1.294854678919228785e+00 6.374900538339279832e-01 8.435596428593463703e-01 1.624342753491363200e-01 3.026276093938700118e-01 1.312095441902056125e-01 1.396376455625984725e-01
1.216998236096696502e+02 5.180658674736819957e-01 1.567522928219754252e+00 9.004950425489806065e-01 8.174685375771952867e-01 1.781171289728954998e-01 5.525575152675940016e-01 9.869440244479720237e-01 1.509855860206298361e-01
1.384397846329956963e+02 8.624127436941479985e-01 1.596399072660289020e+00 7.651624888796362267e-01 6.044385269270282635e-01 2.080936148134058736e-02 1.814093248937278080e+00 3.084218385520700045e-01 1.351070224545197762e-01
2.341756520125781549e+02 6.505367407637339117e-01 1.152468839989198912e+00 5.971987519478427764e-01 8.539395939835814353e-01 1.849978316500781872e-01 1.972063682020332109e+00 6.799040555488319870e-02 1.495955806335434457e-01
2.236030868790111867e+02 -9.539772885525600321e-01 2.010472751056775031e+00 6.776048785005693853e-01 3.457409526354167650e-01 7.225936104240839042e-02 1.858990839637506109e+00 6.284667717541260190e-01 1.607696435674559332e-01
2.447808343818177832e+02 6.208234101549419126e-01 1.888995080136073756e+00 4.842151331831704431e-01 8.340767446905372751e-01 6.799868873553359394e-02 6.487690226221459744e-01 1.081213269887181916e+00 1.404857610990293548e-01
1.522232345563824936e+02 7.948894670698800624e-01 1.975780843263492459e+00 7.451536307805219916e-01 9.369550996697511014e-01 7.623150667361909549e-02 6.184899239614599642e-01 4.031384649655480046e-01 1.436591353307711261e-01
1.866741525853284998e+02 -1.883461865301560012e-01 1.887239100124997515e+00 5.710656646667049419e-01 4.245606720428140024e-01 2.469946254675740860e-01 1.128528179957841993e-01 1.169674905018569966e+00 1.362200397291453702e-01
1.308622917942703054e+02 4.841590864413098938e-01 1.780154825545847252e+00 4.189657679195515905e-01 9.461424961466495809e-01 1.892987756866496840e-01 1.245570477543709975e+00 6.935400834136340453e-01 1.573095374428667148e-01
2.473975343524943469e+02 9.799840106690920205e-01 1.469386364063092199e+00 9.777207046435215654e-01 6.493096017934536501e-01 1.317062084763311880e-01 1.068635189441653921e+00 2.670216617640099876e-01 1.491536663602339163e-01
1.451847727830754025e+02 -8.304391748737544043e-01 1.025526691248018984e+00 4.711970239235085955e-01 3.289526662835074999e-01 1.163449670267291958e-01 1.011012142612597975e+00 1.882157231671736097e+00 1.448923802893609114e-01
1.661606351413066136e+02 3.274187355830020518e-01 1.494682145761016212e+00 5.367838095636106033e-01 8.518635060735202380e-01 5.145244998787529972e-02 3.149145499415080263e-01 1.825484243606527945e+00 1.552666857635369435e-01
2.033683731438359530e+02 -5.534224704249459670e-01 1.663662461837288387e+00 4.480913724903948792e-01 5.517312663092743819e-01 7.427463018335399639e-03 1.371126847863197940e+00 1.717170640737750054e+00 1.361021182749187763e-01
1.911367612971226038e+02 -2.234362709165239602e-01 1.720823699524471451e+00 7.072569756889713899e-01 9.060328229131797695e-01 2.002396579862106007e-01 1.522103337960627911e+00 1.608222978406895987e+00 1.528279567443067144e-01
1.189639087985269015e+02 -8.656688260162870296e-01 1.984611563302731474e+00 8.028344392320141409e-01 5.318685717187664475e-01 4.618931669951429481e-02 6.815814661327759816e-02 1.897800453923021990e-01 1.451166306284256413e-01
1.828809655519435182e+02 5.014825977214298902e-01 1.215950832000933790e+00 4.814643619875424441e-01 7.035279586112592742e-01 2.346808531887362714e-01 7.780721530194080193e-01 1.690693339905702031e+00 1.372766798112075859e-01
2.157126304497942897e+02 -7.771562631723160086e-01 1.734736209192312861e+00 4.443667797246017015e-01 8.929867464823182388e-01 7.127465259958978838e-02 2.729842964326960053e-01 1.047117870533837980e+00 1.589499647121178083e-01
1.237511508697643450e+02 2.009972959787900137e-01 8.451896888366901006e-01 4.101189200249500955e-01 3.304156904913639892e-01 1.459189982863607904e-01 2.174225585690379992e-02 9.866389870985099453e-01 1.378291440746979846e-01
2.275999197458150434e+02 1.268220775263999567e-01 1.796628301860764942e+00 5.162525540855715800e-01 9.016484935860307193e-01 1.665741747799328876e-01 1.786923288470134041e+00 1.121645064208036002e+00 1.604779416575096707e-01
1.341409889229107648e+02 -8.748657096394647503e-01 1.590305400216952325e+00 7.718561742436138573e-01 8.187203344965039431e-01 3.771402307390230024e-02 1.516524139431616014e+00 6.405793054976179901e-01 1.649959998414153306e-01
2.079653318416094407e+02 9.269643431017180468e-01 1.823304341853752231e+00 5.420791393574325712e-01 5.894348903755504132e-01 1.516340966112912081e-01 6.667101562038679763e-01 1.624072170997969966e+00 1.641921973463380813e-01
2.221381996932905452e+02 4.703167099940279705e-01 1.060461938675338445e+00 7.368527018479071877e-01 9.710038437212347162e-01 9.239958416856838830e-02 9.119984612412119773e-01 8.632716721032439589e-01 1.644981174346525354e-01
1.632249377844854621e+02 -3.814131213367599749e-01 1.358493635973426983e+00 7.439165950831960750e-01 8.925109862733320298e-01 7.796538734692139150e-02 1.172350919122498031e-01 1.576552413475390102e+00 1.422456344979116660e-01
1.106477933358401060e+02 -6.491837267298259384e-01 1.473566374107420085e+00 8.385203781956805935e-01 9.149974125177442463e-01 8.500694291968829974e-02 4.242332499800239853e-01 7.218211758152279778e-01 1.567132216916186649e-01
1.807943227445939556e+02 8.047180706448859855e-01 1.965587631415421255e+00 5.467216856223532373e-01 4.602647094558145469e-01 1.405146656252909965e-01 1.606464706631377970e+00 1.903831883150463922e+00 1.435205614895094239e-01
2.190486348293489414e+02 -9.719077048311010047e-01 1.017648265620227477e+00 7.083024494526910519e-01 4.068347302483552030e-01 1.153915666132232926e-01 1.932023634061527995e+00 1.656657879434835889e+00 1.523092381898779601e-01
1.902590474165044157e+02 4.263873383713259191e-01 1.754188089673407447e+00 7.745610939031468689e-01 3.215324741252698071e-01 2.698509375054854997e-01 9.150542390222360378e-02 1.226829889263026052e+00 1.578371384048136150e-01
2.399549161667237627e+02 9.155213591844459931e-01 2.028988854778154494e+00 6.543275082656181407e-01 8.350084465543425871e-01 4.987662480352440114e-02 1.219434238603960052e+00 2.758555546263239955e-01 1.610396377296419712e-01
1.714895847442094521e+02 1.593646718685819419e-01 1.674671638127106732e+00 9.223058591927404404e-01 9.507163550945307851e-01 2.176770182272883825e-01 1.445585048535527939e+00 1.150582799905290055e-01 1.479236057540867511e-01
1.121330952994758263e+02 -5.013220241696880741e-01 2.027070009683103802e+00 4.130419493019580890e-01 5.333981653920685240e-01 2.731332092750817231e-01 1.270406330099018044e+00 2.128969045976800145e-02 1.453755547585198482e-01
1.546713779289275408e+02 -5.883507601373519913e-01 8.721011335824927491e-01 8.535283345174977665e-01 9.091444738659384406e-01 9.060349872615179601e-02 1.456822700751946087e+00 4.236383201709639779e-01 1.376515211995458232e-01
1.471875624617096605e+02 6.425875272415579875e-01 9.933291583769028321e-01 4.170772146671079539e-01 6.357219496077544107e-01 2.412313061521853819e-01 1.756421244192557962e+00 1.035401056225721955e-01 1.355532589898444662e-01
2.416504484619945856e+02 -8.587402354863782339e-01 9.795535484629992462e-01 4.773894584570080313e-01 9.246438377984644852e-01 1.532935355692169876e-01 7.244647875366120315e-01 1.106689827561688100e+00 1.469058190640062378e-01
1.115363985381554812e+02 -4.745450011702879722e-01 1.614641584123174045e+00 4.072231091153807880e-01 8.686773258383231333e-01 1.915972521777731807e-01 3.646421654227500198e-01 4.820589971433700271e-01 1.614869375315960420e-01
1.082357780671445653e+02 -2.352237210686619617e-01 1.573943690896034475e+00 7.296561963721179822e-01 4.691930570539551981e-01 2.805930014536716158e-02 5.329315972297139492e-01 1.969797767299847902e+00 1.430744302721694006e-01
2.048568590879440023e+02 -2.140892858384180197e-01 1.999053894145724541e+00 7.008934623897076222e-01 7.912007857870000382e-01 3.204210857278679686e-02 1.945771932927891912e-01 1.301518277406382040e+00 1.359313472395762834e-01
1.072127693591173738e+02 9.706970399230099300e-01 1.064110894172608068e+00 4.902714723353271964e-01 4.842438520480256692e-01 7.597614177921779843e-02 1.722438629164050106e+00 1.514806881649420012e+00 1.425365756329149136e-01
2.088495662009809166e+02 8.322014524601395458e-02 1.748708607151483019e+00 5.831240518693809882e-01 8.700971064533415955e-01 2.879380510209593735e-01 1.357934741334367867e-01 8.349566227135559737e-01 1.555927747547161122e-01
2.080609391425969079e+02 -4.520307133284795498e-02 1.906793997899629334e+00 4.639261850109321905e-01 8.059104206930689518e-01 1.631058023441583071e-01 1.203318766322917899e+00 1.951073066036528081e+00 1.445305763207608840e-01
2.303113963104551374e+02 6.189086348827299577e-01 1.192998723160009433e+00 8.167558548771778337e-01 6.586013539072593792e-01 5.038914784928789914e-02 7.083229208768659912e-01 1.645950655224734049e+00 1.353398800422204729e-01
1.637159183581825062e+02 -8.447451355401426332e-01 2.182752692100748071e+00 9.971155083202756231e-01 4.437347864777936857e-01 1.132049994454718961e-01 1.347311820876784028e+00 8.486067085526879938e-02 1.522105966703966584e-01
2.071969490402843519e+02 -1.032706734507039537e-01 1.347286333412863968e+00 9.121326584462073894e-01 6.797738849076753187e-01 2.969144529188051940e-01 1.559137494334329910e+00 1.259982329149109903e+00 1.514836452235933661e-01
1.845253481765975607e+02 3.427977800477919335e-01 1.160745623859266829e+00 9.612351202052086263e-01 9.302066307275864698e-01 3.302086603362119465e-04 1.509405180071480057e+00 5.099672954995180252e-01 1.570493375279475023e-01
2.356469412611332075e+02 2.138989010546359371e-01 1.354019113917058981e+00 9.988577643157912078e-01 5.477248494730638795e-01 6.165505601558819194e-03 2.433116753430419887e-01 3.455693134572360159e-02 1.611652726879110598e-01
1.836744574673939496e+02 4.651657777574540464e-01 8.405057570755791740e-01 6.301185247064566841e-01 3.053936202853607673e-01 2.749532767245545517e-01 1.933499671464476100e+00 1.336384316547774009e+00 1.459575949940597750e-01
1.061642916366690770e+02 3.090676074816540719e-01 1.853204666796140820e+00 5.072492910316216408e-01 9.183263736956284173e-01 6.639392642211179585e-02 1.866531906422848053e+00 3.968317931316179825e-01 1.406554213642142726e-01
1.360728805002290471e+02 -5.433697003250319568e-01 1.874625773427542219e+00 5.908731080205178454e-01 5.219202441674035686e-01 2.975768123085144046e-01 1.915377139099873949e+00 1.078874465883709943e+00 1.432267764810239985e-01
1.373804786455584974e+02 1.867983722857500251e-01 8.530057180309669196e-01 8.684464614633471413e-01 6.321482306295852505e-01 9.470373340160578857e-02 1.721375440293921866e-01 1.780580983997011923e+00 1.494960576300043698e-01
2.182815670213895487e+02 -3.319934252897900340e-01 1.271401502931646110e+00 8.504436329272575534e-01 7.687271059388294248e-01 6.092755192471679959e-02 8.445871178681660374e-02 1.449769400538255981e+00 1.629068399879848583e-01
1.257159008589806461e+02 6.933161914177861096e-01 8.847518706802900423e-01 5.220942148701286367e-01 7.557624476918329837e-01 1.920579792659264928e-01 8.997595074990140107e-01 1.522446861301238075e+00 1.622265977026894901e-01
1.103194799016928300e+02 -3.571818836483480197e-01 1.923408655733491512e+00 8.327614363613535797e-01 3.181699350938821391e-01 3.300726740341620308e-02 1.238051468034585989e+00 1.435135630896936076e+00 1.625237828368553961e-01
2.163444538717157570e+02 7.504730818032598894e-01 2.064556751729765161e+00 8.648807950778866216e-01 7.484019042742441341e-01 1.690965025036130776e-01 1.617656208846407928e+00 1.201710753670583998e+00 1.565673135011689809e-01
1.379989654188975976e+02 -6.873091914659980040e-01 1.090669935478984609e+00 9.497228423282505494e-01 7.924588632350785256e-01 2.228770306401419987e-01 2.808366677009819790e-01 5.830377882874260287e-01 1.471005219393177188e-01
1.196971683121519021e+02 -6.402518340184659706e-01 1.400585801822908927e+00 7.959153835261240095e-01 9.953184611727479147e-01 2.314028289052659157e-02 1.672091053032005892e+00 7.773036818811660531e-01 1.467896769182057970e-01
1.350669290054356111e+02 9.245211521862080062e-01 1.201473598554264610e+00 6.006952473442072060e-01 7.839248252526547223e-01 1.522559831803664901e-02 9.620468439534299310e-02 1.100506791168202048e+00 1.640711264013079984e-01
2.127633745635394007e+02 6.544058343737080286e-01 1.918713233341152513e+00 4.017989987325855106e-01 8.370369898704033140e-01 9.509077362949019951e-02 1.996372024002484036e+00 3.453277271753180111e-01 1.365122502874350219e-01
2.329765652362256674e+02 -7.381841901410379769e-01 1.738859410355953816e+00 6.706986436070871971e-01 7.798101628572524646e-01 2.590838593393562928e-01 1.824488884050710080e+00 1.586916765198111839e-02 1.410948812813730968e-01
1.161168329274513979e+02 3.352265979753179526e-01 1.416635564031390349e+00 4.328634467651136797e-01 8.131861667416526718e-01 1.023313274607063087e-03 1.979872969045924025e+00 7.842092190248280137e-02 1.638329674052074469e-01
1.720347197803202448e+02 -9.472150317672639597e-01 8.573289750972763468e-01 5.896431943019854183e-01 9.285657450306072924e-01 1.145126167605629852e-01 1.665039019603282044e+00 1.455386739421326014e+00 1.500129730373621073e-01
2.178967522906604586e+02 6.784028521785518961e-01 1.032717538669394752e+00 7.867140768654645733e-01 9.577554823251748228e-01 1.506496831446419993e-01 2.889450592966760212e-01 2.563000109605499954e-01 1.382106239735614583e-01
2.013028354569106000e+02 8.980589955036220040e-01 1.171444042963131649e+00 7.980117732095530769e-01 8.578104190751134617e-01 1.906982243538369037e-01 1.716506102154961910e+00 1.329915611239459894e+00 1.412077215830562782e-01
2.408929580650292337e+02 7.465789820843604652e-02 1.969841430347723188e+00 8.450165385897274728e-01 6.013058394075680990e-01 2.166191695618908120e-01 3.795495807814099898e-01 1.528780281309348066e+00 1.423458996077068273e-01
1.112195703141624108e+02 -4.413495080669720405e-01 8.930204149503261357e-01 7.382380102598109506e-01 3.201865405478359627e-01 2.304875771414954810e-01 1.162555777343609931e+00 1.629589573314103923e+00 1.586909643508493950e-01
2.485988140575354919e+02 -7.211732148037597323e-02 1.692285434297751134e+00 4.757452759714798085e-01 4.380258114649140389e-01 2.488807889055461853e-01 7.552203673652060356e-01 1.803797361616356065e+00 1.602707269943319246e-01
2.247077153695282163e+02 -7.569782980065800082e-01 8.282854311267535685e-01 7.583064844869076282e-01 6.938224835016296721e-01 2.439109468914101853e-01 1.828133481678864136e-01 4.180399008793759807e-01 1.621658481022808795e-01
2.271029125722125457e+02 -5.112164332671100819e-01 8.649178434251808545e-01 4.302779478123411883e-01 3.682489998833431422e-01 3.010767724597829785e-03 3.851864627065760271e-01 1.731469969474709991e+00 1.401333803741727224e-01
1.278185494513018057e+02 -7.801102815661580259e-01 1.284715183138692929e+00 9.727989155515095465e-01 6.402855944337009220e-01 2.125220586187205885e-01 1.870217193397694100e+00 3.254826252100360140e-01 1.421134614808950702e-01
2.493418965485178944e+02 8.896883190407720576e-01 1.007074622676707776e+00 7.415965748201123198e-01 6.844354487185673186e-01 2.791635276086162909e-01 8.195266280214620336e-01 7.970885588771979835e-01 1.393482723636785547e-01
1.745374847856583074e+02 2.716126327604679869e-01 1.697403344395881586e+00 9.051691048583013766e-01 7.456198127364430661e-01 1.858020747823176111e-01 6.558646435243999928e-01 1.911234748406956063e+00 1.583088644645642418e-01
1.260313114973251061e+02 -8.900876715996614008e-01 1.731317447000803922e+00 4.431671586059965362e-01 8.557326353952134923e-01 1.829381015931722809e-01 1.982146595669910027e+00 2.416046841442580084e-01 1.590098845420870877e-01
1.051838781109545380e+02 6.041530287250260756e-01 1.125000997536039993e+00 6.827767366943877647e-01 9.436387145919724606e-01 1.799783393768595030e-01 7.930444112513219679e-01 2.142903195926920135e-01 1.354691666101105474e-01
1.441419975281459642e+02 -6.684869208016119835e-01 9.048595081142460916e-01 9.361542992731557433e-01 6.095629313231132329e-01 4.861620122869499822e-02 9.054139918492479788e-01 1.477609712298338041e+00 1.645750938151031850e-01
1.936979571444680346e+02 -9.074643447638177651e-01 9.732846042096302552e-01 9.086689616818911519e-01 8.255851483116078970e-01 6.241038799751549848e-02 7.391290966266139684e-02 9.199619589808080145e-01 1.416171383520821170e-01
1.811814088645623997e+02 -1.097759386648740065e-01 8.180097603805673856e-01 9.328173067411408281e-01 9.078502755186057538e-01 2.105204544349106865e-01 1.081266521066428066e+00 1.250383343005863956e+00 1.438739804848563064e-01
1.047872982302214950e+02 -3.895575369739280314e-01 1.185801210586136856e+00 9.780796945760955596e-01 5.603152846597757586e-01 2.282192251302767871e-01 1.420057296274849890e+00 8.987609374041980459e-01 1.619690612216247438e-01
1.179029589536366558e+02 -6.117795944043120659e-01 2.161178319142044391e+00 8.975104481126181533e-01 7.428697284906327081e-01 5.982122264802449546e-02 1.625614778124728099e+00 4.594725597308320086e-01 1.403615965363336771e-01
1.304780827036592541e+02 1.581579072400995933e-02 2.002318442494453343e+00 8.782181938420983158e-01 6.125245758573679700e-01 1.783016808540561007e-02 1.741775177884846038e+00 1.763235440676411914e+00 1.484340506528969983e-01
2.318956391433020485e+02 -8.807990893969933621e-01 1.044427762404705584e+00 8.491038251910358881e-01 9.128090329926927815e-01 3.606329295947219987e-02 1.231681019621901907e+00 1.149600356811036006e+00 1.592012405234156103e-01
1.214490355913294479e+02 8.247184001499159312e-01 1.616686183195561233e+00 8.375392251177687930e-01 8.813472627638059276e-01 1.491066488092763764e-01 1.873482198407874000e+00 1.238987061944790025e+00 1.529991646951530115e-01
2.496112123641650555e+02 7.542722360494860112e-01 2.052269259814794466e+00 6.749380946485323829e-01 3.938549493344812857e-01 2.440515004508195807e-01 5.687019527796659535e-01 8.721213611510280073e-01 1.352337113954592551e-01
1.149235508971614763e+02 2.335664276856299626e-01 1.080292194859125532e+00 4.414525830755010594e-01 9.845638363803734805e-01 1.343949557524173055e-01 1.799912010221742076e+00 1.309243593094870040e+00 1.563917209108593165e-01
2.451536196996458443e+02 -2.300297458392259742e-01 2.124020654974039246e+00 6.888694341522639819e-01 8.102523828498089387e-01 1.383763707501347862e-01 4.488837157174320192e-01 1.551121885480047924e+00 1.608378585720434684e-01
1.674587148444261970e+02 9.525248521318039341e-01 9.405126321452363936e-01 8.409299046755769336e-01 7.587512637970506013e-01 2.931236182407008783e-01 1.181736256070434088e+00 1.089680949759979978e+00 1.558382205613423332e-01
1.513254477353767129e+02 7.142405134905120967e-01 1.485681313992477826e+00 8.954613473718051608e-01 3.823791168371681870e-01 1.618943134415894852e-02 1.752013538793349978e+00 1.672749000634065952e+00 1.369596815979108317e-01
1.790988159918925078e+02 -9.162066176192213973e-01 2.127738240475921749e+00 8.710529142664744651e-01 3.146725931697680334e-01 2.063553706072271954e-01 3.948006762967760236e-02 2.911228073822960116e-01 1.413976518727606269e-01
2.113872311052400050e+02 2.085152461348793729e-02 2.193787980497349022e+00 9.856808129977437938e-01 6.918880985919388937e-01 9.691071587149049926e-02 1.646469479217194110e+00 1.068062485237605941e+00 1.375343877474078935e-01
2.148573358707362502e+02 8.179470119345939594e-01 2.136659964337324524e+00 8.739334962894207415e-01 3.379528564527475298e-01 2.359177652543876791e-01 8.502064418684059932e-01 9.780589686706660235e-02 1.636685567318927337e-01
2.378612184531521336e+02 -8.021855560208981384e-01 2.105812099747825794e+00 5.382831151690335991e-01 5.432067454450297816e-01 2.097237112037838025e-01 2.973016084575400009e-01 1.725670490632764009e+00 1.461115548053989188e-01
2.201125059167388827e+02 -5.381973402931660155e-01 1.021524412154995787e+00 9.659509126530028134e-01 7.822709923407529242e-01 2.296748789192643025e-01 8.093341059625760447e-01 1.432909408933483952e+00 1.577093403781298919e-01
1.419854026448447541e+02 -4.655140494648359883e-01 1.374281790448198093e+00 5.158307494106704194e-01 9.783179352050646038e-01 2.251826492962427928e-01 9.961606815597040532e-01 1.653026479763600065e+00 1.395489351044874593e-01
1.040343434695387259e+02 7.282756855168059928e-01 1.949527050958946850e+00 8.903659996227364370e-01 5.969151475844749477e-01 4.748145993379890295e-02 1.955191154954954103e+00 6.092740402448300063e-01 1.626112463537603692e-01
1.386876639809924541e+02 3.205256385340660152e-01 9.887513480757674778e-01 9.688354989425278507e-01 8.455846290378834507e-01 2.405534985917618870e-02 3.378403089102359758e-01 4.866695132572199795e-02 1.364813117054058389e-01
1.409705889244796424e+02 -7.469447756682839890e-01 2.168834691955087379e+00 6.510668364572338440e-01 3.753877011549192622e-01 2.636961331085768689e-01 1.837136870504668007e+00 1.039194140469966054e+00 1.615901472978992504e-01
1.593542573180747581e+02 -6.337098615694159998e-01 1.078972285223658734e+00 5.183426976874467851e-01 7.045922829519647435e-01 2.850537158490623613e-01 1.781697195440842041e+00 1.600950231504006060e+00 1.386343059449689497e-01
1.283206610253546955e+02 8.855393287865440666e-01 9.193915366275857703e-01 9.177537917592561989e-01 3.363655801437950288e-01 2.580862289643845800e-02 1.029001753060148072e+00 1.387778514097443905e+00 1.643756221010815310e-01
2.289319357440109002e+02 -8.694153208207959782e-01 1.947203426170939222e+00 9.288969188788905873e-01 3.405432946373087577e-01 3.445624352223240067e-02 3.575152527696139892e-01 1.534482973838845909e+00 1.559575374058447816e-01
2.165170958355302560e+02 6.952217912798119848e-01 1.110307073537105449e+00 4.292047384395263898e-01 9.892448043026187410e-01 4.455166265135639993e-03 6.084916045703000487e-01 1.508875606294409977e+00 1.419386183789698719e-01
2.455327895963564515e+02 -1.374315894627939905e-01 1.198463189475083679e+00 9.405688067432493860e-01 8.868149957970403729e-01 9.186199075542389458e-02 1.942166044736902020e+00 5.329854113701739671e-01 1.367082620303146645e-01
2.428971288272877871e+02 -7.236444403013839732e-01 1.133092273297253483e+00 9.758233324326573976e-01 4.312977129788295727e-01 2.829622248336671753e-01 1.680455037704668086e+00 1.630377857464676006e-01 1.532680666590109653e-01
1.090923775394912809e+02 5.979267509033279193e-01 2.153772167237629986e+00 7.129761780845003116e-01 7.769667181062980266e-01 5.271509683271879965e-02 7.528246069311480548e-01 1.747359059013736005e+00 1.569787069023353965e-01
1.687302658002590476e+02 2.085848018806419901e-01 1.937306078381215713e+00 9.582025912175883287e-01 5.796358086500936757e-01 2.729671231817918930e-01 5.557500762244060172e-02 1.175568822321171991e+00 1.417036932465620402e-01
2.414854793127159951e+02 -5.637201635353259466e-01 2.056872303728789930e+00 9.198169253082015828e-01 5.059951489542918734e-01 3.099032224481939810e-02 1.703759142433604046e+00 1.703870578911155897e+00 1.482616707527544264e-01
1.319187794178724005e+02 9.662496300134799654e-01 2.043346744650198943e+00 7.494813455422407733e-01 6.153597692198429225e-01 2.954370288937352984e-01 9.190165686203779494e-01 9.595230309075359898e-01 1.371091705729020893e-01
1.616778716673143492e+02 -5.491506815624119797e-01 1.679973160754423489e+00 8.890944012091492876e-01 9.800918931903626063e-01 1.295423503990751901e-01 1.528111345854898051e+00 1.696739336693037892e+00 1.447642183877760613e-01
2.172409192580961985e+02 -9.612972155942891561e-01 2.115935531413803972e+00 4.154062852798961480e-01 8.834033642765131145e-01 1.377688507917335936e-01 2.091482518613340114e-01 9.070278937307499345e-02 1.388589365631574812e-01
1.231313835879554404e+02 -7.133818118072419168e-01 2.141883764637789955e+00 5.603355240491217915e-01 9.601838843559378223e-01 2.926677563367410806e-02 1.363418484854822088e+00 1.396270216273453935e+00 1.440535891931271351e-01
1.774628753296565549e+02 3.546993827276561095e-01 1.498164437041928032e+00 5.086090773264879683e-01 9.963386125895192791e-01 4.252027195179840235e-02 1.283423084796716074e+00 1.914047881512281890e+00 1.633610439260956004e-01
1.909441164411837804e+02 1.038210962448899988e-01 9.628851763967736233e-01 9.955229845880529949e-01 6.178200573550225450e-01 1.429472656606229908e-01 1.803968552102646061e+00 1.928032270494538070e+00 1.574651360846590353e-01
1.393897009323117970e+02 5.285300098328540308e-01 2.150038971405010990e+00 4.030752076250501137e-01 5.089001136141982906e-01 2.619186915589961639e-01 4.689429379658159869e-01 1.778946254792002080e+00 1.463874876419315185e-01
2.421416402164613544e+02 7.677819256779419010e-01 2.181075265244890815e+00 9.102419118238611606e-01 7.889688973657319471e-01 1.468352873763069041e-02 5.250804337843639757e-01 1.213379349396564111e+00 1.506364734797505656e-01
1.313133420327212662e+02 9.891726196852199671e-01 1.607114200272597104e+00 7.967753147063776353e-01 3.557266114835316295e-01 2.557790080478880013e-01 1.091729971176633951e+00 1.869836725390825904e+00 1.580426650172099545e-01
2.225027518849820467e+02 -5.841372768689560013e-01 1.050314037543721213e+00 7.536201887964273372e-01 5.156171469842858457e-01 2.815918975963722093e-01 3.667951140583800007e-01 1.815309069214078086e+00 1.383605379844550232e-01
2.054752912039403441e+02 8.343102682599179420e-01 1.952668885246229502e+00 9.872499418337830068e-01 3.612356667207399230e-01 2.662560125973539860e-01 1.698477273567889911e+00 1.131373334399734087e+00 1.512095410042209598e-01
1.068868073619669303e+02 2.799930224660780453e-01 9.460104922306100672e-01 4.662889777706001881e-01 9.471954620672231595e-01 4.365487304981789662e-02 1.870389740091437936e-01 1.488162663611583891e+00 1.414231394949602150e-01
2.482474040242377953e+02 6.860117562208321029e-01 1.689571536992366285e+00 6.794827575017697852e-01 6.248767694024524033e-01 2.868753535936122145e-01 1.260527939943907993e+00 1.980693918348600091e+00 1.501628136748448250e-01
2.309140638993121115e+02 5.224337225065880386e-01 1.277147431564361613e+00 9.437507679071278632e-01 5.736767563641383960e-01 1.932189729271922840e-01 1.237566033564508061e-01 1.926344217496614108e+00 1.568337698292685822e-01
1.321900122528895167e+02 5.071805488582079580e-01 2.148217588382928422e+00 9.839656465956939657e-01 3.509443338157143266e-01 5.074504930758839440e-03 1.303618475080778050e-01 1.357639084169641963e+00 1.487704600902274299e-01
2.265762944752351018e+02 9.401491662440819574e-01 1.871002305057521298e+00 7.904340487229637446e-01 7.993260225754541537e-01 2.924653210572431550e-01 1.136758548299162008e+00 3.004644150845699885e-02 1.360393677518703104e-01
1.029247444368666038e+02 -8.081233237528552271e-01 1.409903989778987565e+00 6.387598336241205876e-01 3.525684798074265047e-01 2.882817353273277039e-01 6.360863586142659898e-01 1.895322713783631929e+00 1.465145051141735211e-01
1.755579261613311814e+02 -6.791073653986680059e-01 2.018822024110549673e+00 9.062561700041403823e-01 8.469539949702253878e-01 2.945610537985340893e-01 8.002690167631959506e-01 5.010438196392099641e-01 1.620086423719767632e-01
2.477465711215045019e+02 2.532078897596019562e-01 1.316916718622358706e+00 5.055246761133892486e-01 8.651808521598574053e-01 5.688116460200399321e-02 2.980075233926380088e-02 1.966385815967806039e+00 1.596787572146626255e-01
1.596638078925898014e+02 -8.476507078980406451e-01 8.997507210929568400e-01 4.820741070387886129e-01 6.743843744027736564e-01 2.757263046335429735e-01 1.733857630896382007e+00 1.558196836374700078e+00 1.646386614584131325e-01
1.483328514337772503e+02 -7.711258151428780350e-01 1.095435042213803944e+00 9.274287004848009719e-01 8.784056322381363913e-01 2.399339828838129018e-01 6.024768460774799772e-01 1.617028907358956102e+00 1.550090054386295546e-01
1.504581209996249527e+02 8.699046940992900545e-01 1.894997831637661001e+00 5.691191392387264791e-01 8.752322759546027342e-01 1.647516063139773113e-01 1.536189705783812087e+00 1.794076002173436102e+00 1.350769470012281315e-01
2.252746167876757113e+02 -6.294229048537099969e-01 2.195820855662072191e+00 5.738528338116591909e-01 8.223325515654091866e-01 2.548122156877071116e-03 1.582104801305880049e+00 1.674739237385802104e+00 1.630388534995028671e-01
1.628054545422782553e+02 -8.970453745018069913e-01 2.116258681708170108e+00 8.825411241166294385e-01 5.668104175381203369e-01 1.192003118982540022e-01 1.810680155712180106e+00 1.839274141873854074e+00 1.609653948005288771e-01
1.430929273681248901e+02 6.690765032156680281e-01 1.066808739651150306e+00 8.619243026548065734e-01 9.399101316983191623e-01 1.315181056526490075e-02 1.609500796431676095e+00 1.856030339916858063e+00 1.530713843624107451e-01
1.008397942413575947e+02 7.122022342511140636e-01 1.477796820711964942e+00 7.036216283310201547e-01 9.823728698453246810e-01 2.804543832472992104e-01 1.433623918859908031e+00 1.404758701520039954e-01 1.600729019316378954e-01
1.201125986247788546e+02 -9.740773758261154214e-01 2.132831517988971193e+00 9.464453034312465540e-01 4.159760737298834887e-01 1.876337404558434119e-01 5.743387897203979797e-01 1.463718425910919940e+00 1.402306501093553426e-01
1.085860721005592495e+02 -9.277612367225810397e-01 9.315641057289516525e-01 9.396201689797455403e-01 3.773180789103113830e-01 1.114981229740661939e-01 1.593574182931333905e+00 1.832827679797385922e+00 1.428540150484535753e-01
1.024111422827700153e+02 -6.662014166358860567e-01 9.159056478234319787e-01 5.322745710136366215e-01 9.642831363972117487e-01 2.604438856774941025e-01 1.480397179994421997e+00 1.692364473516742018e-01 1.374009807600407029e-01
1.477024234209675910e+02 -3.749192835297440185e-01 1.905211793112723928e+00 9.881860056179577745e-01 5.541900421960745948e-01 2.374151583143975786e-01 3.072514792516199966e-01 1.583627122806696041e+00 1.648268945387797446e-01
1.676235875227721408e+02 9.592363915716599632e-01 8.214488604688084950e-01 4.048408849448897340e-01 3.807755829682570869e-01 2.765939954370261189e-01 2.209232034347959894e-01 1.738227350014881933e+00 1.584889755177079085e-01
2.293733780188485980e+02 -4.383610612743840118e-01 1.100294580245700704e+00 5.816339567871766647e-01 9.913671398171377547e-01 2.545888291487937161e-01 9.839652571966880368e-01 1.685598642597905927e+00 1.366543298950418928e-01
1.963181451866403791e+02 -5.276185222653060336e-01 9.369256547569918547e-01 9.533679871223865732e-01 8.805946745772381679e-01 2.893486834687646891e-01 5.812894696509459669e-01 1.344544633415838131e-01 1.363506984225707208e-01
2.388176658877637522e+02 -6.949731661736340271e-01 2.015822417537526334e+00 9.901401393632404124e-01 9.535514940527110017e-01 1.023236898286268917e-02 1.278013817011377951e+00 1.962015620370705926e-01 1.588532711357576732e-01
1.355457588973222016e+02 -6.486142581018394804e-02 2.091704697080888131e+00 8.983996101627124142e-01 3.095371519442026709e-01 2.275173184869344889e-01 1.649394323516947924e+00 1.878493650971601925e+00 1.384504747185623386e-01
2.063525302484632107e+02 -9.429465986648574161e-01 1.683426917603704664e+00 9.147378615862690188e-01 9.206363396504115837e-01 2.311033311898352816e-01 1.990144479198691974e+00 9.351164896646519953e-01 1.631931893309112591e-01
2.436085393235552488e+02 -7.871395751321680345e-01 1.931432394140554898e+00 4.088173708757385505e-01 5.546049690234161611e-01 2.680531444810331787e-01 1.896531632879437934e+00 1.862127293374699954e+00 1.429386454747058610e-01
2.214617208879207908e+02 -9.894148990915467845e-01 2.082141581132231245e+00 9.548612825861200193e-01 9.532129337269192870e-01 1.655157830289099019e-01 3.298391246392080034e-01 9.638881834860280051e-01 1.411214463644893946e-01
1.032484804900595918e+02 -3.231926026288419740e-01 1.838922266219276569e+00 6.344918263666330382e-01 9.390879562486271759e-01 2.038921928056514898e-01 1.336443580376605982e-02 1.841813695438516030e+00 1.561513612575130550e-01
1.191118059041909447e+02 3.840550479696440700e-01 1.388475369619050159e+00 9.638587483665903566e-01 8.895539471146185484e-01 2.625666954431216671e-01 1.657340422826820037e+00 1.268522962663944043e+00 1.356946425233734876e-01
1.141943298714468256e+02 8.745549529899538932e-01 8.354659137275691760e-01 9.665130346911027237e-01 9.611820578838230489e-01 1.718217240709347116e-01 2.301422124433639971e-01 7.054545034778619828e-01 1.597404661325970698e-01
2.368060038601979613e+02 -9.208578938866656127e-01 1.304358844197976541e+00 8.597110744607632249e-01 9.036954362159594911e-01 1.954550111689604824e-02 1.900281056649983924e+00 1.810429846987438030e+00 1.379965102368034546e-01
1.870574099264341044e+02 9.984768506310259806e-01 8.010069585888026644e-01 9.703798144753089661e-01 9.656903201302822204e-01 2.204996390482410196e-01 4.155527026237300081e-01 1.224026614231987997e+00 1.391571415040642190e-01
2.383905771370046409e+02 1.474188570460919223e-01 8.770304287476465843e-01 6.181046880739744509e-01 9.882648802521483145e-01 2.658670624934600935e-01 1.881247724339675909e+00 1.746010377526594048e+00 1.599537370702251993e-01
2.198076289102900205e+02 8.282732706315198978e-01 1.991294503581710007e+00 6.472199782528912371e-01 9.741668669373420020e-01 1.671348606713582707e-01 3.652808077943819811e-03 1.889513272296948099e+00 1.377879169923952041e-01
1.013578699869103730e+02 -7.645765747952579794e-01 2.108717168688153176e+00 9.305251674745234070e-01 8.972400601487606764e-01 2.845947527983226921e-01 2.154175664965680137e-01 6.099718477111300274e-02 1.516800428378395904e-01
2.463336755927885520e+02 -6.043498362135140134e-01 1.713559480712748773e+00 9.219084298498929630e-01 3.076291820108114083e-01 2.988332923911513062e-01 9.752855812183900408e-01 1.976666227391300046e+00 1.639572648171568336e-01
1.295230130921117393e+02 5.801646420282000616e-01 2.166261871215111157e+00 4.396778167625889910e-01 8.022891640617353382e-01 2.674231185009702250e-01 1.924658671572494040e+00 1.999474225883993928e+00 1.594718664066633318e-01
1.001203961820574477e+02 9.814202639072520107e-01 9.289740025913343358e-01 8.673380462606439245e-01 5.713947473412069877e-01 2.833279503409283917e-01 6.008545226262260175e-02 1.792314988433693967e+00 1.387720866293180866e-01
2.433727851833683076e+02 -5.195793971279640822e-01 1.977756760213058351e+00 8.869017380336301493e-01 7.704903613967668541e-01 2.906381599958984818e-01 1.708576470568466066e+00 1.846814630120062084e+00 1.357136170497629801e-01
1.016562184352660552e+02 -3.147013852217594998e-02 2.033470876570480979e+00 9.566338088056072220e-01 9.254763220226549514e-01 2.389657379379495072e-01 1.432075063058485975e+00 1.770648827496916100e+00 1.618209177043521962e-01
1.057328013752121478e+02 8.467793081824979140e-01 1.343713215577106546e+00 9.352610806371087770e-01 9.984541739131480576e-01 9.897048269584769742e-02 1.540573444357141997e-01 1.959535675593651938e+00 1.405249854926020059e-01
1.242002080946695060e+02 -9.368418031542872226e-01 2.188071790288047325e+00 5.864361064471306229e-01 9.761233278431464822e-01 2.998938086156267557e-01 1.287161388100745985e+00 1.936023101536556101e+00 1.399379390524700395e-01
1.763511917596915168e+02 -8.166976128052919615e-01 2.174223265899034807e+00 9.449941106317564232e-01 9.686413349339275669e-01 4.406943483464430267e-02 1.406132869220650117e-01 1.991563282230248033e+00 1.642636215590173587e-01
