3.584116666666666902e+02 2.857468333333333135e+02 2.110277285714285540e+02 1.375313261544011709e+02 8.767146591302575587e+01 5.352029339046606538e+01 3.095284009272944203e+01 1.570580204016762060e+01 6.931510000000000282e+00
4.153420173680694347e+02 3.402389999999999759e+02 2.562285499999999843e+02 1.705553154761904864e+02 1.096011934842934750e+02 6.657153522640734877e+01 3.761973155531269697e+01 1.919311355627480609e+01 8.158619999999999095e+00
4.418196666666667056e+02 3.813293333333332953e+02 2.984416666666666060e+02 2.014780654761904657e+02 1.341888600649350565e+02 8.523823388837685400e+01 4.996167617505923886e+01 2.598676403176611416e+01 1.217156720409372284e+01
3.222416499665998231e+02 2.593426000000000045e+02 1.886291869047619230e+02 1.226557235557235543e+02 7.820335915599707732e+01 4.840303348672576078e+01 2.756957632857475105e+01 1.391456703896522917e+01 6.022840000000000416e+00
3.975673333333332948e+02 3.226924999999999955e+02 2.390059500000000128e+02 1.544644436507936405e+02 9.848941191586190769e+01 6.180136648330132942e+01 3.641771622704764155e+01 1.936745570301750163e+01 8.685689709300483230e+00
3.735893333333333999e+02 3.015641666666666083e+02 2.228059785714285681e+02 1.491267931818181864e+02 9.385233351419822156e+01 5.641224927020670776e+01 3.196234097444036948e+01 1.643437450214012330e+01 7.330719999999999459e+00
3.402768871075484753e+02 2.735874666666666712e+02 2.028341857142856952e+02 1.336034868923757699e+02 8.617860599751554673e+01 5.191804235692487879e+01 2.947244783891272846e+01 1.531783271503827848e+01 6.450470470470469841e+00
3.380430000000000064e+02 2.891083333333333485e+02 2.270292499999999905e+02 1.604249345238095259e+02 1.108811394910645021e+02 7.269891798765389979e+01 4.397235377629839803e+01 2.427810380391464662e+01 1.175622167090276271e+01
3.381083834335336746e+02 2.725045000000000073e+02 2.090109095238095165e+02 1.411662789321789262e+02 9.147633507801967312e+01 5.602015954037543821e+01 3.259999113635714707e+01 1.680968963332376021e+01 7.379500000000000171e+00
3.167458249832999968e+02 2.528365000000000009e+02 1.861423471090137980e+02 1.232214305214305341e+02 8.029761010737628624e+01 4.998688399014083217e+01 2.869530497266008950e+01 1.507151251902675426e+01 6.642762762762762563e+00
4.612204408817635226e+02 3.723143333333333658e+02 2.740297464130797493e+02 1.819496472663139457e+02 1.161065547148880626e+02 7.047749140390914135e+01 3.972634204185241202e+01 2.007639501969245899e+01 8.605223661634351373e+00
4.195417501670007141e+02 3.534402137608550447e+02 2.733553219886553052e+02 1.898637399304065809e+02 1.253110262554707219e+02 8.211978274492032881e+01 4.926332558533305672e+01 2.726249651285330344e+01 1.375511801251219701e+01
5.290931863727454356e+02 4.545983333333333576e+02 3.536913580246913966e+02 2.441030864197530832e+02 1.617898628787517907e+02 1.043212574879241572e+02 6.182591773162420168e+01 3.378297244588472381e+01 1.622517855282568178e+01
2.685757515030059608e+02 2.135106333333333737e+02 1.581044874239318574e+02 1.057743349910016661e+02 6.763435647253839988e+01 4.256780441308587370e+01 2.451041410932624487e+01 1.273625350546282142e+01 5.623463463463463263e+00
4.838086172344689544e+02 3.886136666666666315e+02 2.868723556890222994e+02 1.915835023809523818e+02 1.251662038662038725e+02 7.736381284579282180e+01 4.352540525742827526e+01 2.209709639422175087e+01 9.591635218462688073e+00
3.910156980627922394e+02 3.176539999999999964e+02 2.379190523857190556e+02 1.609893873015872998e+02 1.031030957102035615e+02 6.290598326795281281e+01 3.611205813723488944e+01 1.894232888847470520e+01 8.827090000000000103e+00
3.461499665998664454e+02 2.760583333333333371e+02 1.966938238095237637e+02 1.266893916305916150e+02 7.886787721543591090e+01 4.585592394571906283e+01 2.490768918594879366e+01 1.264857409078533657e+01 5.207419999999999938e+00
4.105036666666666179e+02 3.423253333333333330e+02 2.595238833333332877e+02 1.780423273809523721e+02 1.177377836940836886e+02 7.566381292196366815e+01 4.444441785698788294e+01 2.307643591536045946e+01 1.071728424037819138e+01
2.704461666666666702e+02 2.274447000000000116e+02 1.784900428571428677e+02 1.238534121212121164e+02 8.340912191142192000e+01 5.454173672977805154e+01 3.277774182504384015e+01 1.718929875390479367e+01 7.926177319587628389e+00
3.749859999999999900e+02 3.001440000000000055e+02 2.196017666666666628e+02 1.446298230158730291e+02 9.192106195332443974e+01 5.605262912427341604e+01 3.176109997074810209e+01 1.623806580052053761e+01 6.622300000000000075e+00
2.752327000000000226e+02 2.276200666666666450e+02 1.728787710317459982e+02 1.176787365967365844e+02 7.736377476586450541e+01 4.855864907697384325e+01 2.795169119313020190e+01 1.406206720994132908e+01 6.036509999999999820e+00
2.485985000000000014e+02 2.143844666666666683e+02 1.711044880952381106e+02 1.218388384615384581e+02 8.256805809007812513e+01 5.324809434198819247e+01 3.198355631018126033e+01 1.697194388310495583e+01 7.869020000000000792e+00
4.181957247828991626e+02 3.583286573146292540e+02 2.814696225784903163e+02 1.968551388491268312e+02 1.325549726075527701e+02 8.479904034472318131e+01 5.108084793266838375e+01 2.797406236631922383e+01 1.295840022781789003e+01
2.874372077488310424e+02 2.247680999999999756e+02 1.598358489441822883e+02 1.025881469585969796e+02 6.383648573977726670e+01 3.738199284204728201e+01 1.995510151268423371e+01 9.424799523508466947e+00 3.943709999999999383e+00
4.333316633266533131e+02 3.912919999999999732e+02 3.257078745412079002e+02 2.456703870537203898e+02 1.730000119166785737e+02 1.150276452832008260e+02 7.195636192805599762e+01 4.103537418523729485e+01 2.024607674929157142e+01
2.665995323981295542e+02 2.098053999999999917e+02 1.535832813492063451e+02 9.960458236013791122e+01 6.284848479140043764e+01 3.767758541827379304e+01 2.097208893174079236e+01 1.024819597281940098e+01 4.256350000000000300e+00
3.735880093520374317e+02 3.051103206412825557e+02 2.230624296211470607e+02 1.452381777881777793e+02 9.080251473027746556e+01 5.524857523991933306e+01 3.016555940739104358e+01 1.538325095511211060e+01 6.468758758758760052e+00
3.181808617234468670e+02 2.721394000000000233e+02 2.155355547619047627e+02 1.524196895308006390e+02 1.029460962454212449e+02 6.627368852537919963e+01 4.062192025757442337e+01 2.284795016256245148e+01 1.124669373222596924e+01
4.194426666666666392e+02 3.514680000000000177e+02 2.720905666666666320e+02 1.867811047619047429e+02 1.248123971445221372e+02 7.978159829281916871e+01 4.765549472691997579e+01 2.501653648040085898e+01 1.169701392035198317e+01
2.076419000000000210e+02 1.616238452380952424e+02 1.152908174630924663e+02 7.341895757193871930e+01 4.601244621637011534e+01 2.730291689934285415e+01 1.497706992583281860e+01 7.009790000000000632e+00 2.494380000000000042e+00
3.923102872411489557e+02 3.253713333333333821e+02 2.441166499833166483e+02 1.637135127190682624e+02 1.080159376214931797e+02 6.812413718676188523e+01 3.930147654405073609e+01 2.050928461536295799e+01 9.161437764294907637e+00
3.263714094856379688e+02 2.854021666666666306e+02 2.251417083750417305e+02 1.593074066129621542e+02 1.084795089077589267e+02 7.013217591797743466e+01 4.216697222018705560e+01 2.297789404891797105e+01 1.133240200105887929e+01
5.046309999999999718e+02 3.971120000000000232e+02 2.908840833333333080e+02 1.927267642857142391e+02 1.210023383005882920e+02 7.300042793112274353e+01 4.051816751170289166e+01 1.975953049420576235e+01 7.834319999999999951e+00
2.823485303941216102e+02 2.376979000000000042e+02 1.859688047619047495e+02 1.299612815918371211e+02 8.755717330708507973e+01 5.617484400889486551e+01 3.247859835025447950e+01 1.726627242325719891e+01 7.943209999999998772e+00
2.056524000000000001e+02 1.723427333333333422e+02 1.302993710317460341e+02 8.816957104562104064e+01 5.767316783194520724e+01 3.662537818347772145e+01 2.199330826566214725e+01 1.118674546262205638e+01 5.039809999999999235e+00
2.433104876419505445e+02 1.953711428571428712e+02 1.436355827689160947e+02 9.571230882919910243e+01 6.173726123981689540e+01 3.750558742650461852e+01 2.133043829754283038e+01 1.105573492585490847e+01 4.995025025025024767e+00
4.348062792251168958e+02 3.611136666666666315e+02 2.704489823156489479e+02 1.782582443554665872e+02 1.122311964228630927e+02 6.735270594731204596e+01 3.769933945343630910e+01 1.860490300756581661e+01 7.609229229229230285e+00
5.201292585170340317e+02 4.409936666666666270e+02 3.424576242909575967e+02 2.397511011011011135e+02 1.662247151913818470e+02 1.106531640304140325e+02 6.809009320398435250e+01 3.858753402562220458e+01 1.973889493753877389e+01
4.073527054108216703e+02 3.218316666666667061e+02 2.350687354020687678e+02 1.529978978978979001e+02 9.527097081529582567e+01 5.679336640515418111e+01 3.104466893980015385e+01 1.539151857779726740e+01 6.302452452452452114e+00
2.443448333333333551e+02 2.067622000000000071e+02 1.604130523809523936e+02 1.115401450577200535e+02 7.598787833734893127e+01 4.962634732878369448e+01 2.982413635382891570e+01 1.619357158592815438e+01 7.761549409531971477e+00
3.727672010688042405e+02 2.973848333333332903e+02 2.190830926164259438e+02 1.454211031016586730e+02 9.329644513155434993e+01 5.701707466232233656e+01 3.222458902437814032e+01 1.723275134231478134e+01 7.933913913913913873e+00
2.912534402137608254e+02 2.276049999999999898e+02 1.672985417957640095e+02 1.079887764054430761e+02 6.843143553995119532e+01 4.057088300717786922e+01 2.220576385004170916e+01 1.085572623464546105e+01 4.211751751751751982e+00
2.005463927855711290e+02 1.598113928571428346e+02 1.186762747474747499e+02 7.830615504494504364e+01 5.022254999426422728e+01 3.049510734343629892e+01 1.696297952853357671e+01 8.234533838383839566e+00 3.498328328328328851e+00
3.909108216432865675e+02 3.352653333333333876e+02 2.582878878878879050e+02 1.748877876984127226e+02 1.126653701556479348e+02 6.812600120704207995e+01 3.766620953007630845e+01 1.905099538138935245e+01 8.807879999999999043e+00
3.983199999999999932e+02 3.551440000000000055e+02 2.974545999999999708e+02 2.256633142857143071e+02 1.570769322510822690e+02 1.020582075073361494e+02 6.056960756490943965e+01 3.262160688472251024e+01 1.533763484078429329e+01
4.656789999999999736e+02 3.770973333333333244e+02 2.773483499999999822e+02 1.789890107142857119e+02 1.140945364441114549e+02 6.734264007701915489e+01 3.644930986352823510e+01 1.733343539401940347e+01 6.554450000000000109e+00
4.474460000000000264e+02 3.818100000000000023e+02 2.941290999999999940e+02 1.946184499999999957e+02 1.243234199827949880e+02 7.537150689132418790e+01 4.193057949319074851e+01 2.072800239059067096e+01 9.102730996246217288e+00
2.713657982631930281e+02 2.098432333333333020e+02 1.502045305555555785e+02 9.636257660117661317e+01 5.913398847632026900e+01 3.524430797617164046e+01 1.954601440031240145e+01 9.791543187271685156e+00 3.948800000000000310e+00
1.982154000000000167e+02 1.548049047619047656e+02 1.121334903457653382e+02 7.325020530927621110e+01 4.681284366514146456e+01 2.845548247292615329e+01 1.580151339730206139e+01 7.880310000000000592e+00 3.578139999999999876e+00
4.098102872411489557e+02 3.510133333333333781e+02 2.753346012679346018e+02 1.950821083333333377e+02 1.362129414407191916e+02 8.842531012314567818e+01 5.251465179194450172e+01 2.869098026908947929e+01 1.402063895243368030e+01
