1.221462536379146480e+00 9.076629066821374492e-01 7.958059051037393861e-01 5.604484680198256186e-01 3.981963622467447617e-01 2.474860878311579693e-01 1.703349373509644993e-01 1.111589912274125042e-01 5.389228349123833389e-02
1.360391691195169450e+00 1.008643138192206079e+00 9.004427038701883212e-01 6.645137705022863273e-01 4.831131199337620474e-01 3.240136168031876873e-01 2.086848028082771700e-01 1.331395857046448472e-01 6.960799735375239328e-02
1.040821024106556969e+00 9.309301031167102058e-01 1.030986417089101215e+00 7.754982235933552959e-01 5.369626835762446593e-01 3.868445238263433228e-01 2.667914490241183323e-01 1.733327765517282959e-01 8.990114402463232623e-02
1.093555326726745047e+00 7.819400299767240714e-01 7.528809535421298049e-01 5.183871577880804216e-01 3.294216886842556979e-01 2.288135241460733660e-01 1.578457845160028405e-01 9.754011033729760582e-02 4.894113335835205414e-02
1.345483985288069562e+00 9.254033797635373704e-01 9.317867667895733952e-01 6.294087559638009699e-01 4.129699637744923546e-01 2.823032306043604112e-01 1.889821188058078139e-01 1.295963767050380688e-01 6.956810237093759286e-02
1.235920905056450358e+00 8.687858473819143335e-01 8.516703764109699870e-01 5.629145946165058367e-01 4.398000667166267474e-01 2.757146452747202825e-01 1.753331118571881120e-01 1.109314637491783662e-01 6.263309094719818337e-02
1.218972012760093149e+00 7.915412821746359295e-01 7.652721177202707059e-01 5.180150446392727259e-01 3.878392699689813816e-01 2.644519757920822944e-01 1.573269574088914935e-01 1.065850918900805855e-01 5.455353039123587294e-02
8.701606312757560469e-01 6.912566455376758512e-01 7.092774259325472785e-01 5.476311291265315573e-01 3.986392882071564392e-01 2.984496374238485017e-01 2.265831917665866724e-01 1.443761196613803921e-01 8.676325518597682862e-02
1.147218876183660585e+00 7.447332606376594333e-01 7.138920036581528628e-01 5.512748028063331196e-01 3.919508166776403679e-01 2.592952590645821176e-01 1.756141039748988775e-01 1.204840879544564203e-01 5.873818476936446681e-02
1.109327700359894697e+00 7.377065171868825155e-01 7.024243635339065817e-01 4.775381657497873578e-01 3.482956992207431046e-01 2.359915153140158262e-01 1.577961866666156843e-01 1.012966433304526431e-01 5.409281573527487813e-02
1.510449506281253296e+00 1.185364290090696882e+00 1.092063300665785608e+00 7.281359107652737306e-01 5.119223275572192255e-01 3.467932175145288509e-01 2.266346625806531512e-01 1.394437237638519178e-01 7.274485760181083338e-02
1.135816499894726661e+00 9.164204705181382415e-01 9.063217612660545708e-01 7.148075676188042626e-01 4.897534749037975033e-01 3.440817672150152662e-01 2.547689179887460686e-01 1.602599433354234548e-01 9.328048584539998245e-02
1.312350499528913916e+00 1.089678186438546525e+00 1.212201260690052962e+00 8.816294361860241846e-01 6.524354607880041845e-01 4.500526321103328065e-01 3.194627534416644710e-01 2.040360139367933257e-01 1.202491320033555883e-01
1.012901311903577239e+00 6.391041364267467939e-01 6.206442653323575032e-01 4.064532788233908844e-01 2.873352964546772581e-01 2.014666960560144993e-01 1.310676218427582196e-01 8.619694978872814717e-02 4.697846487236234658e-02
1.649129322814600229e+00 1.178599377698423378e+00 1.068816282342787582e+00 7.181181361211200764e-01 5.299868696034981674e-01 3.687156577698750826e-01 2.577919221635050495e-01 1.559420150846718145e-01 8.375185025966838670e-02
1.266512128036682672e+00 9.044146733292939278e-01 8.625567091609410708e-01 6.371381967163213256e-01 4.489581251064452827e-01 3.033820746005238544e-01 1.984428056564118970e-01 1.221345927733411274e-01 7.235545060256344529e-02
1.213906753112227177e+00 9.003761713861601068e-01 8.185567881497897158e-01 5.271281019242750610e-01 3.649874708289236880e-01 2.367625982599380063e-01 1.458638442070065155e-01 9.037328972733515986e-02 4.629397524084532395e-02
1.236014147617700676e+00 9.519471768725171756e-01 9.058879844769563983e-01 6.793766739158075829e-01 4.525766562357537159e-01 3.349689933898650218e-01 2.445433136612555347e-01 1.545721639582287588e-01 8.108799076532433037e-02
8.051396763226172926e-01 5.188423400417511155e-01 5.902545351125668693e-01 4.592722170405458271e-01 3.203337351448509174e-01 2.342605500861030254e-01 1.766003187344086234e-01 1.089674589113139719e-01 6.446850259846871600e-02
1.397812675098729640e+00 9.152968402533561143e-01 8.410700015066787660e-01 5.882575950205632953e-01 4.102222796248244374e-01 2.736047596142771043e-01 1.764746719936140795e-01 1.139629576580180464e-01 6.209216142155143947e-02
7.783317732161378899e-01 6.195961437294815743e-01 6.309678504964432166e-01 4.364284002971477450e-01 3.192493969027989653e-01 2.190484629745020617e-01 1.601754002805804433e-01 9.928973626486413406e-02 5.392165909817687314e-02
6.097175948748732033e-01 5.134276641553315867e-01 5.229412209612283036e-01 4.151517991280078701e-01 3.258829163380014271e-01 2.325817582136204820e-01 1.730829666406641654e-01 1.122414607963881233e-01 5.621946495298581203e-02
1.086242584977123116e+00 8.276485447896121395e-01 9.158843153831423001e-01 7.054053207282516835e-01 5.185558856102809866e-01 3.610555912571251636e-01 2.659414181304016744e-01 1.814820322349282589e-01 9.684313014920660490e-02
1.055038066196326563e+00 7.529993192427202331e-01 6.711606522345447967e-01 4.298572319643239048e-01 3.000814110620800834e-01 2.031989561025968061e-01 1.259706133931604854e-01 6.857599031081844376e-02 3.704880208454788826e-02
8.796678953102070597e-01 8.586924975410773486e-01 7.962373786107702633e-01 7.756678046033720353e-01 6.009943714139743820e-01 4.831997556033372221e-01 3.262573120247816427e-01 2.297807368850629806e-01 1.403374332189181728e-01
1.084500179706008316e+00 6.100962524352657734e-01 6.094750430358572002e-01 4.158665087046177211e-01 2.830589580845949138e-01 1.822990304319253574e-01 1.276000494854706291e-01 7.105298764493234165e-02 3.800976950074810151e-02
1.077224219156807106e+00 9.658954784098913171e-01 8.701609404243447754e-01 6.244779354442020480e-01 3.997282387100363765e-01 2.763427576546073072e-01 1.781846254923125372e-01 1.048566513751598289e-01 5.918858618891154055e-02
8.600706998197163999e-01 6.018978113268065311e-01 6.681277324027329323e-01 5.304410801636050277e-01 4.137507836544615514e-01 2.820535432425824163e-01 1.945264563771607613e-01 1.332051079795650295e-01 8.069260504089843800e-02
1.117295088446497386e+00 9.414207683661492965e-01 9.305610156190726734e-01 6.716160816074305817e-01 4.973456671255153116e-01 3.474357987182838947e-01 2.503303911462064768e-01 1.576470015367314736e-01 9.179583049075211443e-02
8.809071819575796658e-01 5.495300708593007233e-01 4.670958711246525064e-01 3.137454984440536387e-01 2.038810796733141750e-01 1.387546846993449601e-01 9.048135452588576544e-02 5.913645961587487426e-02 2.692112953796701319e-02
1.189947036451614037e+00 8.993272181655204145e-01 9.301385631852454594e-01 6.031069903055956694e-01 4.424717565599194380e-01 3.213654908541897504e-01 2.148230658654249614e-01 1.353114139953352779e-01 7.200472596692980565e-02
6.898784421013629542e-01 6.194294386772396521e-01 7.026582535062227963e-01 5.582293112773096810e-01 4.098126590024191440e-01 2.975998300188520407e-01 2.146586136063190209e-01 1.398546374374255719e-01 8.005056147152286861e-02
1.776431444779110969e+00 1.245189151539279448e+00 1.138684990701384070e+00 7.791403242515588801e-01 5.434881747812994046e-01 3.646954314843664502e-01 2.298499913720311871e-01 1.514266752708974539e-01 7.414925176695985609e-02
8.355508960338465796e-01 5.906622395074869747e-01 6.022666605182951383e-01 4.714964947938079520e-01 3.499126484384774138e-01 2.505808451750543564e-01 1.778532656223825170e-01 1.089939885451741558e-01 6.366478144076205548e-02
6.232291941814022129e-01 4.498114233913289017e-01 4.936138502857639332e-01 3.401552474206827603e-01 2.416609953157762836e-01 1.517829523877243236e-01 1.213740394015373203e-01 7.788414552517987366e-02 3.999294267617725662e-02
8.603684284256769566e-01 5.764795164993380405e-01 5.567580066296820007e-01 3.808865112879273873e-01 2.742824246760678375e-01 1.803014905255286293e-01 1.180578363510031981e-01 7.509998428752009958e-02 4.015122917997025753e-02
1.359007555310623783e+00 9.799163477902931296e-01 1.068045233534316685e+00 7.264939725302728135e-01 5.005567161738678772e-01 3.502857845049210939e-01 2.181758150693692555e-01 1.402269158704107788e-01 7.107122831621642822e-02
1.354946429602168045e+00 1.150943973827088129e+00 1.107010146846282073e+00 8.182814749446432057e-01 5.972349347377380324e-01 4.414844964478641942e-01 3.405145066561797162e-01 2.261097117736809992e-01 1.398496078879858107e-01
1.571976897898480496e+00 9.876033251147841030e-01 9.081547641096933132e-01 6.344052185949603517e-01 4.633842643345121304e-01 2.817820897499980770e-01 1.925532622956911688e-01 1.045333442819318670e-01 5.881851807049751080e-02
6.656576004640489819e-01 5.360964860172093838e-01 5.231240776652169577e-01 4.020270307606031990e-01 2.820532042868235112e-01 2.228040802990847169e-01 1.558739629654177505e-01 1.036939410994417721e-01 5.630489011124881898e-02
1.336183414772353029e+00 8.736462549758530205e-01 8.404647328856935662e-01 5.715960803185579087e-01 3.843023174713980361e-01 2.781996383502290393e-01 1.819955389690424974e-01 1.032378939406429219e-01 6.553918576663607387e-02
1.163293934399498131e+00 6.803490403217062887e-01 6.601996866786429274e-01 4.613403798914501586e-01 2.950005656811426347e-01 2.148453020223865251e-01 1.298133796494671532e-01 8.287194711212707288e-02 4.107746417687899165e-02
7.511402899812783529e-01 5.112306965266709691e-01 4.369045067646978864e-01 3.251825301130856216e-01 2.151083472379186068e-01 1.507463655678716874e-01 9.865429110127506285e-02 6.243672491113349404e-02 3.003788199496496697e-02
1.032998052075971618e+00 8.096412969814335003e-01 9.507488810000186419e-01 6.491730161978636060e-01 4.723386770823574943e-01 3.452879653478616584e-01 2.203522715929881748e-01 1.263296738672269881e-01 6.839036997706622600e-02
9.380603392106502403e-01 7.144518296490595111e-01 7.167795042611702083e-01 6.953593189877005365e-01 6.105135044406830858e-01 4.487564652803249232e-01 3.097411390164676037e-01 2.093054509090889193e-01 1.150962113801687059e-01
1.632290696536618846e+00 1.201878690125495863e+00 1.154807953875039539e+00 6.975216632454989130e-01 5.352930315945045869e-01 3.593143578049618481e-01 2.230291064005211765e-01 1.352302116935022724e-01 6.686319837922802267e-02
1.112703090676034678e+00 9.626709487439388813e-01 1.085171565222650791e+00 7.629052828781686113e-01 5.622435916953836266e-01 3.630138492114529103e-01 2.511442469571896763e-01 1.470276116917690334e-01 7.386886638140016670e-02
1.133105336004900154e+00 6.630792298746138735e-01 6.340125108271006393e-01 4.160024111952786985e-01 2.721426313512034789e-01 1.800491473295782185e-01 1.113218504245802043e-01 6.992029644032564384e-02 3.686866365899366116e-02
7.512745519093979585e-01 5.181582150143410059e-01 4.430707999940454722e-01 2.979561633463659320e-01 1.981486017114634790e-01 1.494920206719524136e-01 9.138835218611630895e-02 5.494640119152482266e-02 2.964713039064658176e-02
1.019837814254666686e+00 9.656590610677363573e-01 8.458673111906770403e-01 6.451970104651373328e-01 4.905762308941187255e-01 3.963757067473682727e-01 2.859430522917600359e-01 1.673325644152901803e-01 9.986301038952309639e-02
