2.024940666666666402e+03 1.604391166666666550e+03 1.176132961904761942e+03 7.596368468614718950e+02 4.805082223009060272e+02 2.908250056873197309e+02 1.665471712297746478e+02 8.411109233797682805e+01 3.685380999999999574e+01
2.354109886439546244e+03 1.919924999999999955e+03 1.435511733333333495e+03 9.450775654761905571e+02 6.023458984681984703e+02 3.625391805654899144e+02 2.028574604693697268e+02 1.023959724031045653e+02 4.330447999999999809e+01
2.541382333333333463e+03 2.188677000000000135e+03 1.706038466666666864e+03 1.142252696428571426e+03 7.541472547979798264e+02 4.765040978775309668e+02 2.767572559216426384e+02 1.431458198483088040e+02 6.698098677295078573e+01
1.817023547094188416e+03 1.453920899999999847e+03 1.047622834523809615e+03 6.743543992710659722e+02 4.259909057061960880e+02 2.616615027576542047e+02 1.472693079224323185e+02 7.405206381968186236e+01 3.166561000000000092e+01
2.248690999999999804e+03 1.810824333333333243e+03 1.330919816666666748e+03 8.524975722222221748e+02 5.389791217948717303e+02 3.359199916304596627e+02 1.960241637968188684e+02 1.036618092888701170e+02 4.634967883823288304e+01
2.148693333333333157e+03 1.724568833333333487e+03 1.263781845238095229e+03 8.400456096320345978e+02 5.231134945711452247e+02 3.124101404716514025e+02 1.755204268842249462e+02 8.989662081463282561e+01 3.982300999999999647e+01
1.916991148964595823e+03 1.525079399999999850e+03 1.121618850000000066e+03 7.314207699041032811e+02 4.672235618124307734e+02 2.792575786338980492e+02 1.563611482801990746e+02 8.072834311923963924e+01 3.383502502502502551e+01
1.897131333333333487e+03 1.618884000000000015e+03 1.261106566666666822e+03 8.826128476190476704e+02 6.032279317793318114e+02 3.931339804134204314e+02 2.356753271879185831e+02 1.282584685820489767e+02 6.186922899144916954e+01
1.920060287241148899e+03 1.540375800000000027e+03 1.172241695238095190e+03 7.846038384559884662e+02 5.046242879469987770e+02 3.059192730450099589e+02 1.760965977701709448e+02 9.026346202421237308e+01 3.936675000000000324e+01
1.794446559786239277e+03 1.420287199999999984e+03 1.034964360789360853e+03 6.763421900977457426e+02 4.359287474774322391e+02 2.685969674902158317e+02 1.521913088509679994e+02 7.895390684038729034e+01 3.470211211211211122e+01
2.603223446893787695e+03 2.081765333333333274e+03 1.522607290623957397e+03 1.000426505076505123e+03 6.327268872768871688e+02 3.815493213985833449e+02 2.134224913599785509e+02 1.067617128714553161e+02 4.569958521973387633e+01
2.380905143620574563e+03 1.993110220440881676e+03 1.529572539205872772e+03 1.054116087516087418e+03 6.893294106266328072e+02 4.473114402186598682e+02 2.658733710271001200e+02 1.452715596057414587e+02 7.292623776442049177e+01
3.014751503006012172e+03 2.580128333333333103e+03 1.996261928595261907e+03 1.361876292959626426e+03 8.951975717781273261e+02 5.736500526083858631e+02 3.370150376864776831e+02 1.812454590563704926e+02 8.636965609834160773e+01
1.520759418837675184e+03 1.207147299999999859e+03 8.865143675421453509e+02 5.878741445797001006e+02 3.733937795971269793e+02 2.322920575105675596e+02 1.331928671178928312e+02 6.900051580759873104e+01 2.996305305305305211e+01
2.754893787575150327e+03 2.196121000000000095e+03 1.604090040040040094e+03 1.055591471428571367e+03 6.824233983261760841e+02 4.180064750637906741e+02 2.325392580287997646e+02 1.167380515876017597e+02 5.046159149323469251e+01
2.219209752839010889e+03 1.793583833333333359e+03 1.331438988988988967e+03 8.942722055555556153e+02 5.670782293257783522e+02 3.430194848810316444e+02 1.951116018900688687e+02 1.015680321489739555e+02 4.703087000000000018e+01
2.018922845691382690e+03 1.600611800000000130e+03 1.130899850000000015e+03 7.230675882034632878e+02 4.475274413393451596e+02 2.582117503064009725e+02 1.393910966564247360e+02 7.086285616665433906e+01 2.863434000000000168e+01
2.342021999999999935e+03 1.928763333333333321e+03 1.456489583333333258e+03 9.912104738095237053e+02 6.521574378427128522e+02 4.151610472048806173e+02 2.415978316802234929e+02 1.245715950171380513e+02 5.789060738710958276e+01
1.524241666666666561e+03 1.275067600000000084e+03 9.930725738095238739e+02 6.832990333333333410e+02 4.562162832868111764e+02 2.959194872108241157e+02 1.754836760942660021e+02 9.121035405467340240e+01 4.185667422680412386e+01
2.098485333333333529e+03 1.665480000000000018e+03 1.206514333333333525e+03 7.858384678571428594e+02 4.948976460886335644e+02 2.987969926204952458e+02 1.672723000354631893e+02 8.479400342843277372e+01 3.447178999999999860e+01
1.606991433333333134e+03 1.324977899999999863e+03 9.971504626984126389e+02 6.752595816627816703e+02 4.410529321151199724e+02 2.741895403112533813e+02 1.570864283644778538e+02 7.886182005616741719e+01 3.331013000000000090e+01
1.414095499999999902e+03 1.211634866666666767e+03 9.575229246031747152e+02 6.774616188422688765e+02 4.544786109019721039e+02 2.898666780213369520e+02 1.724289361164001093e+02 9.020471262646354660e+01 4.175139000000000067e+01
2.398314295257181129e+03 2.050545758183032376e+03 1.599344388777554968e+03 1.109606326939593373e+03 7.409673033296030553e+02 4.705881117052341551e+02 2.812132720024828245e+02 1.522982348007965641e+02 7.032483563467766885e+01
1.694563126252505072e+03 1.318429200000000037e+03 9.309730420897085423e+02 5.935406735209235194e+02 3.681401378645742284e+02 2.139905902963409403e+02 1.142223525596656515e+02 5.353093130301806468e+01 2.206694999999999851e+01
2.562712424849699346e+03 2.303664666666667017e+03 1.909406906906906897e+03 1.431497764431097721e+03 1.001815509557176142e+03 6.633248822832155156e+02 4.119263530008240650e+02 2.333107298607952771e+02 1.150256543003059164e+02
1.488185203740815041e+03 1.160097466666666833e+03 8.414693682539682413e+02 5.397704312454311548e+02 3.370491542783346972e+02 1.999678198663054332e+02 1.098176754815393963e+02 5.349944757306167986e+01 2.176740000000000208e+01
2.160370073480294195e+03 1.756663794255177208e+03 1.273510530584979279e+03 8.226324889824891216e+02 5.106904991112842254e+02 3.082787788277223058e+02 1.668889649647103965e+02 8.497799269550213808e+01 3.514388388388388762e+01
1.833002171008684172e+03 1.561648100000000113e+03 1.232934442857143040e+03 8.645879057629056206e+02 5.807870299825174243e+02 3.710391003029025114e+02 2.251339742730851299e+02 1.262552785224271190e+02 6.196477898488359415e+01
2.397008666666667068e+03 1.998083333333333485e+03 1.530017899999999827e+03 1.039376545238095332e+03 6.883649597125097443e+02 4.356457750091669823e+02 2.579433649114207014e+02 1.336624291156116726e+02 6.209127077513334569e+01
1.173373666666666850e+03 9.045413928571429096e+02 6.389747829642579973e+02 4.028926176225949689e+02 2.500144531630939184e+02 1.462943392777782776e+02 7.993375581869049995e+01 3.722182000000000102e+01 1.274399000000000193e+01
2.248159652638610169e+03 1.851255833333333157e+03 1.377937003670336935e+03 9.157255910672578239e+02 6.001830284663618613e+02 3.756088276154260370e+02 2.151806067745698954e+02 1.114932787899583531e+02 4.960375252803824253e+01
1.923841015364061604e+03 1.678480166666666491e+03 1.318989389389389316e+03 9.267606336495226742e+02 6.269834268009767584e+02 4.035911017060827817e+02 2.410092460018194345e+02 1.307372715836294219e+02 6.432649363008759735e+01
2.858536000000000058e+03 2.232913333333332957e+03 1.624111916666666502e+03 1.062708820238095313e+03 6.608599926018425776e+02 3.948782773582200889e+02 2.175372854146878865e+02 1.044952973326913508e+02 4.129222999999999644e+01
1.655908149632598679e+03 1.389051600000000008e+03 1.084050714285714321e+03 7.527113701724813382e+02 5.043033491332196832e+02 3.206973368560575182e+02 1.843940222613949800e+02 9.784896128016072225e+01 4.445996000000000237e+01
1.149660200000000032e+03 9.586844666666667081e+02 7.202969845238095559e+02 4.831610458541458684e+02 3.133176394407364000e+02 1.969806396518664542e+02 1.172340764462504552e+02 5.956076218199530103e+01 2.624767999999999901e+01
1.419878423513694088e+03 1.133516988095238048e+03 8.276614651447985125e+02 5.480081111679795640e+02 3.498253729548339948e+02 2.110763342116345314e+02 1.197148037231815749e+02 6.189597741331098746e+01 2.741767767767768049e+01
2.493115898463594021e+03 2.056096333333333405e+03 1.530701468134801416e+03 9.996987666237665735e+02 6.244323126823127268e+02 3.725207467827940491e+02 2.062347321263098650e+02 1.014499969568014279e+02 4.123771771771772165e+01
2.999138276553106152e+03 2.519043999999999869e+03 1.938362862862862812e+03 1.343514814814814827e+03 9.201441763191763812e+02 6.060817127095127717e+02 3.688918300822603555e+02 2.061741308426101114e+02 1.037842698717728354e+02
2.290844021376085493e+03 1.789255000000000109e+03 1.293015832499165526e+03 8.336979419896086938e+02 5.142399300782551563e+02 3.026035523488425838e+02 1.635234198971390640e+02 8.038537146240534526e+01 3.284724724724724609e+01
1.363702666666666801e+03 1.146480200000000195e+03 8.873293238095238848e+02 6.093053072871572340e+02 4.107084570461400972e+02 2.665560307317203979e+02 1.579570755131498743e+02 8.494111510680239974e+01 4.060806750673218346e+01
2.112199064796259336e+03 1.668092000000000098e+03 1.214240502407169060e+03 7.984096861652417374e+02 5.067033981268414777e+02 3.067445396267524984e+02 1.707995035932008250e+02 9.059645749273285276e+01 4.161402402402401890e+01
1.656542251169004658e+03 1.285828199999999924e+03 9.356306481084258166e+02 5.979785620660620680e+02 3.754719603123957654e+02 2.201787209613379730e+02 1.195378544389443931e+02 5.827451681118105142e+01 2.203187187187187135e+01
1.120729492317969061e+03 8.861848333333332448e+02 6.503635383838383177e+02 4.242025875489626401e+02 2.698127386545381228e+02 1.616633654946727461e+02 8.892596350329246491e+01 4.302608414141414528e+01 1.773113113113113215e+01
2.296327989311957026e+03 1.957362000000000080e+03 1.502096596596596555e+03 1.008800755952380996e+03 6.470039326872661150e+02 3.881859205259932537e+02 2.131657068581984049e+02 1.074901314546575861e+02 4.938503999999999650e+01
2.390722000000000207e+03 2.119169666666666672e+03 1.769179149999999936e+03 1.332980171428571566e+03 9.228728236652237911e+02 5.960816880622860481e+02 3.513164291619427786e+02 1.875802836489896492e+02 8.804106745717426463e+01
2.660105000000000018e+03 2.140517666666667083e+03 1.556917350000000170e+03 9.927158357142857312e+02 6.283884882922632187e+02 3.663522472601652566e+02 1.962508094957152309e+02 9.224212390041957121e+01 3.462322999999999240e+01
2.583914000000000215e+03 2.187315666666666402e+03 1.674131983333333437e+03 1.098941380952380996e+03 6.971100084748584322e+02 4.207269663546377387e+02 2.317233377617525321e+02 1.138963412280649123e+02 4.974878789119179601e+01
1.522370607882431614e+03 1.165885500000000093e+03 8.270989682539683372e+02 5.252801795537795897e+02 3.187737844150307183e+02 1.876591954065637537e+02 1.027851111527758690e+02 5.147610590926843344e+01 2.022068000000000154e+01
1.136418133333333344e+03 8.797123928571429587e+02 6.335810551087801059e+02 4.110979977706331852e+02 2.606597910222023984e+02 1.574962719766505472e+02 8.739402363087859271e+01 4.322760999999999854e+01 1.924061999999999983e+01
2.337370073480294195e+03 1.985893666666666604e+03 1.554400950950951028e+03 1.090634758333333366e+03 7.571722564917009777e+02 4.881463784075874628e+02 2.868795132191170865e+02 1.554251972388593686e+02 7.576959355273032770e+01
