6.651302551063046131e+00 4.864276759595864696e+00 4.392191264674799811e+00 3.094516440951667668e+00 2.194077201101948038e+00 1.356164257536576878e+00 9.250859216513845906e-01 5.884181578227655196e-01 2.946364949966314151e-01
7.136066039079151935e+00 5.095353566949227364e+00 5.084929908573633917e+00 3.678308367450980665e+00 2.684038154975878943e+00 1.766732062458205244e+00 1.134394914444593061e+00 7.068400125291025571e-01 3.751503417692698683e-01
4.932168598789875347e+00 4.517972026350858705e+00 5.788340688236425891e+00 4.386408043068806606e+00 3.012679833662022411e+00 2.168540665013332536e+00 1.478584880743177399e+00 9.586063881724203872e-01 4.912418938152602887e-01
5.915011456018721248e+00 4.260116814874916003e+00 4.240468412014643640e+00 2.838069968777116259e+00 1.800299825894374317e+00 1.253811670191421035e+00 8.562127820596090455e-01 5.154300067510764194e-01 2.669050460892412602e-01
7.284773895232897090e+00 4.831112771999612754e+00 5.205696565923371821e+00 3.491501194428059840e+00 2.263955961625647717e+00 1.532960196927651841e+00 1.025819371854200135e+00 6.881174693735607750e-01 3.748554788259684245e-01
6.789663264436936352e+00 4.625384217860537106e+00 4.770519676804842568e+00 3.176239391601017203e+00 2.454654995349604185e+00 1.528609406809409377e+00 9.578712764434220706e-01 5.999258875311359596e-01 3.502810743387373416e-01
6.413337821400227234e+00 4.245703985357433652e+00 4.244314505733923326e+00 2.799303720503874437e+00 2.118609419795320914e+00 1.437280635675193485e+00 8.399485929915101456e-01 5.548904699308734312e-01 2.953692606410449062e-01
4.480319898400113132e+00 3.267659709469284746e+00 3.937963206643618541e+00 2.999251751311451386e+00 2.201355471131943631e+00 1.609067524442843400e+00 1.231605713097267518e+00 7.613912265765524490e-01 4.536895323764447152e-01
6.162171522346683972e+00 3.830624292294925404e+00 3.945309162082182741e+00 3.089299259485057458e+00 2.173681737284388849e+00 1.440539120836239251e+00 9.724013544459459979e-01 6.440007861748785478e-01 3.210716666688295806e-01
6.023701146826431874e+00 4.017676302580883707e+00 3.931037016879228130e+00 2.634642478156844714e+00 1.884151601452828118e+00 1.288224787110316072e+00 8.535003926751139058e-01 5.303157203484234472e-01 2.870436087357498001e-01
7.808934322034459363e+00 5.929446468150855409e+00 5.927114483486802143e+00 3.980514793547499153e+00 2.755539564548580067e+00 1.876362934770814839e+00 1.217437442390717495e+00 7.391356545430876057e-01 3.902501836767375831e-01
5.949893409478694828e+00 4.745174950927549595e+00 5.042010729776866818e+00 3.948270477037507664e+00 2.682891416885057723e+00 1.860824090719659374e+00 1.380872154582487132e+00 8.557531797772865989e-01 4.918169827045295039e-01
6.504664491226592737e+00 5.395467506775169397e+00 6.785692446596709004e+00 4.884460043640872051e+00 3.616480318619508694e+00 2.456508363352443158e+00 1.752136822174263475e+00 1.116694011102026707e+00 6.378034880060342582e-01
5.380172706663678639e+00 3.351369710676848523e+00 3.445896358202461318e+00 2.265270002197683930e+00 1.582641898204421249e+00 1.109156851939243627e+00 7.095748811276497703e-01 4.637478939258601329e-01 2.525898704855151222e-01
9.005380759631387733e+00 6.184407323278619195e+00 6.036406073714197795e+00 3.981127062593033283e+00 2.898572993984309232e+00 2.001224360511570488e+00 1.384078238182547382e+00 8.208470641279272950e-01 4.389189655614372798e-01
6.800647893299497149e+00 4.711284830011872593e+00 4.778307061439995174e+00 3.556533586403306302e+00 2.475012410636726834e+00 1.664065017485447218e+00 1.083300529460711203e+00 6.554590200770125108e-01 3.894062625884437412e-01
6.558072048065472615e+00 4.836958324696764677e+00 4.636224401612087043e+00 3.018521095144563127e+00 2.067034461797195188e+00 1.339051258916039933e+00 8.005399139143261067e-01 5.031315282466122252e-01 2.581343870242784888e-01
6.088179871120029674e+00 4.780865144859592242e+00 5.052065627608149256e+00 3.750650007274853426e+00 2.486085442134448265e+00 1.834865156857235391e+00 1.341499815949926955e+00 8.346933099130418032e-01 4.358537206188498048e-01
4.221240638459003769e+00 2.663023976700172213e+00 3.292670809283644751e+00 2.477223409942977739e+00 1.727969562197110953e+00 1.273513673736597740e+00 9.468378329455258147e-01 5.755096885780441873e-01 3.424997107823078424e-01
7.645554976789527224e+00 4.642654476577907197e+00 4.702445191020896864e+00 3.231118626129855009e+00 2.232091509887739189e+00 1.473624303549402992e+00 9.484989669728712824e-01 5.939640774948500290e-01 3.295602799123402149e-01
4.213826849116554918e+00 3.342838971071345977e+00 3.576576616426216049e+00 2.481113555020159733e+00 1.818008199831171456e+00 1.245785331658551875e+00 8.937267383146650923e-01 5.560064315299695359e-01 3.031670399022625140e-01
3.133177743042995012e+00 2.451184694924295027e+00 2.881385234934568551e+00 2.315177682600659814e+00 1.779137838817443251e+00 1.269778415288213669e+00 9.418270800509264129e-01 5.926936992675759797e-01 2.998774632544100038e-01
5.492177457891508574e+00 4.303407928659913395e+00 5.097255060644377167e+00 3.912734837634701979e+00 2.932458698618977788e+00 2.010897983964607949e+00 1.473512088769876494e+00 9.923127512746328094e-01 5.246324377914777237e-01
5.767979284818441243e+00 4.280152293402654351e+00 3.890555029265821751e+00 2.462978043191375921e+00 1.711916375688265823e+00 1.140643639690087419e+00 7.168957414617981305e-01 3.941539363471324164e-01 2.072616085952726506e-01
3.981534501841367035e+00 3.566487907171422833e+00 4.397440660483301400e+00 4.308491605741015640e+00 3.437384300359047629e+00 2.775189974993219177e+00 1.856801855630183740e+00 1.318411372899756406e+00 7.915920269741117954e-01
6.158214402042951896e+00 3.150496118329443096e+00 3.316416695244881918e+00 2.232957026077975637e+00 1.532094248894009914e+00 9.869466626285786637e-01 6.761782013409449732e-01 3.656979700826903934e-01 2.008099171853820475e-01
5.587803478424845594e+00 5.224622107263250825e+00 4.977841236731086916e+00 3.524062037976090078e+00 2.201214508818152282e+00 1.540325718856264015e+00 9.923666091116285504e-01 5.746553165356519388e-01 3.287769343816880352e-01
4.516511755392953908e+00 2.990212711962143999e+00 3.752891510522966101e+00 2.956467507930514493e+00 2.325578915935641255e+00 1.577430127701852758e+00 1.081931668466285634e+00 7.315416158028077431e-01 4.451943212814947204e-01
5.950020416846389715e+00 4.654451429665058981e+00 5.159201343837693798e+00 3.733894619455987662e+00 2.726743685433454800e+00 1.886467524391435724e+00 1.374025935366835371e+00 8.609677052730927427e-01 4.881885451432979584e-01
4.984903097887994683e+00 3.004097733882782784e+00 2.613083973052234388e+00 1.727794386240096181e+00 1.126282527163682934e+00 7.445813822806182092e-01 4.807210477145427152e-01 3.215694878056684636e-01 1.415684582804375979e-01
6.290656709556163406e+00 4.818445319089504686e+00 5.191887714848802737e+00 3.359301003518235795e+00 2.456166014637141792e+00 1.784098284543957913e+00 1.184280855594123105e+00 7.336047912864083198e-01 3.968951853139480734e-01
3.539051204418529828e+00 3.082376043637260032e+00 4.002096367708434244e+00 3.187969151072542306e+00 2.331918988965728357e+00 1.700103025634151832e+00 1.220584029684566918e+00 7.918205827349633630e-01 4.582138074055041033e-01
9.888114249339963635e+00 6.621084845652813300e+00 6.371658125414428220e+00 4.266119161108135494e+00 3.015784842080573736e+00 1.986054130750213531e+00 1.257789572377874698e+00 7.963969629278142559e-01 3.951147655138947390e-01
4.385088523772001423e+00 3.042267350986759933e+00 3.461487927481115445e+00 2.637910024466686210e+00 2.008636029607763440e+00 1.410492544345011146e+00 1.005874377414767373e+00 6.075839566824620119e-01 3.648953803467508972e-01
3.241986133825991434e+00 2.147337148317008282e+00 2.690528215812145518e+00 1.808638936043647005e+00 1.304469921263639698e+00 8.176734202197721846e-01 6.477500225328527428e-01 4.114798935517644529e-01 2.135609885199073466e-01
4.839919028556826319e+00 3.039580091323100142e+00 3.205709366800037596e+00 2.166221327969725774e+00 1.539378920974167064e+00 1.016584088057824742e+00 6.662175003172433607e-01 4.224601539093453817e-01 2.219771597648444450e-01
7.110743951597012114e+00 4.961845870215818799e+00 6.007400469125219189e+00 4.087205895067325123e+00 2.784132528842364174e+00 1.930088940542712628e+00 1.211586885528955326e+00 7.610883198916047476e-01 3.952466655516896910e-01
7.344634004203308031e+00 5.867394302906340009e+00 6.289961804232298448e+00 4.557376067355285443e+00 3.331342705007450000e+00 2.430689530372182272e+00 1.848348714574800988e+00 1.217727604895527227e+00 7.400306158396975365e-01
8.485135952512051105e+00 5.244347078839588505e+00 4.956269778543934024e+00 3.407253979249757592e+00 2.530182634155191401e+00 1.486069089892783968e+00 1.014662508777097960e+00 5.437549048413642394e-01 3.124651808985901003e-01
3.255843544425588210e+00 2.545126840831316795e+00 2.883621450639869632e+00 2.193292058370216679e+00 1.517238118041491113e+00 1.193236213126026124e+00 8.352326491754303861e-01 5.400632734298027593e-01 2.950293388467580824e-01
7.262192639769612157e+00 4.755706147449491716e+00 4.624893101743918322e+00 3.137371201370533935e+00 2.088722616083234840e+00 1.505314054402240309e+00 9.716772353085235681e-01 5.424137049454212933e-01 3.463883847138059524e-01
6.309038914404340836e+00 3.780873425923345188e+00 3.676775060045555765e+00 2.580280649556189410e+00 1.592248461321394748e+00 1.182882411622846686e+00 6.945647690285119413e-01 4.399067512385246848e-01 2.208160716861249651e-01
4.112485860452814279e+00 2.589252810700843899e+00 2.373471894188424969e+00 1.748045684835318747e+00 1.151773739864742296e+00 8.221419171671747739e-01 5.178550088005561269e-01 3.211466819408020923e-01 1.552620091926140700e-01
5.036995043408665218e+00 4.110059930733640954e+00 5.385230180092226426e+00 3.727902616346069564e+00 2.702179724138362715e+00 1.981193290791852135e+00 1.243676291159082403e+00 7.103097938875084782e-01 3.956247633786337814e-01
4.507144487588565340e+00 3.187665862142182505e+00 4.095259985777562228e+00 4.011106823937865329e+00 3.512917679489881984e+00 2.607320682959323843e+00 1.789788829181934382e+00 1.194799096867608768e+00 6.577961417988706927e-01
8.745229153658581112e+00 6.039953986046214141e+00 6.507701764476180095e+00 3.886351483978527366e+00 2.935061993048915685e+00 1.938289200031472204e+00 1.225515092270138551e+00 7.123703967304931828e-01 3.621556611004444481e-01
5.441267059058946920e+00 4.875488572463504866e+00 6.075073795949564648e+00 4.290167124947219968e+00 3.141557903945740193e+00 2.027466026923232967e+00 1.400797529174148792e+00 8.006344152732618458e-01 4.127313510537382046e-01
5.973106285735473087e+00 3.464477406566697226e+00 3.528634395728538209e+00 2.244037438992351863e+00 1.482965188433799542e+00 9.672605253518138380e-01 5.892374111810709802e-01 3.614364405084557474e-01 1.931011935167672999e-01
4.170910182326048599e+00 2.790115403105597025e+00 2.511247778541897180e+00 1.655832923371043597e+00 1.084980172342579596e+00 8.140212312742494127e-01 5.000973393705937520e-01 3.058385851848978709e-01 1.606269560677783537e-01
5.162284970836580555e+00 4.636844155217833219e+00 4.626246685140916526e+00 3.617092646500448705e+00 2.696706595540169005e+00 2.192451771813759276e+00 1.547441917532149214e+00 9.097597115729370021e-01 5.344224202276468549e-01
