3.034348866996234087e-02 4.766154985052346166e-02 6.735900727119348286e-02 8.519493375790741785e-02 9.536959450505211322e-02 1.006466691077379932e-01 9.830975822197746128e-02 8.739057470255105764e-02 6.642818350661874871e-02
2.853400913770727521e-02 4.058626425904979240e-02 5.568752530521105942e-02 7.152309169113561793e-02 7.954331412023560310e-02 8.257460707736971606e-02 7.579276568791731838e-02 6.067142719371236559e-02 4.380220215425075642e-02
2.142079975639520073e-02 3.081527013037426224e-02 4.664083406855631248e-02 6.043571074188491127e-02 6.759964277108769515e-02 7.083541234670091835e-02 6.751221225929592007e-02 5.952759056398360116e-02 4.763838783486226691e-02
2.902172095171475993e-02 4.289131965057354362e-02 6.462589857501531421e-02 7.967744271786676713e-02 8.747459361656963195e-02 8.704094305070780857e-02 7.944237085711869373e-02 6.524762045313795000e-02 4.581199822057695215e-02
3.249443459964827113e-02 4.665225286371384866e-02 6.727713939721684244e-02 8.857541714119904208e-02 1.022735893070797208e-01 1.098730997511499080e-01 1.112757565188179920e-01 1.078503944159949629e-01 9.095229236212674928e-02
2.914035632882046659e-02 4.325381882036886949e-02 6.254649168423646877e-02 7.581693679059001156e-02 8.545349330360146878e-02 8.692330145227769589e-02 8.474196715931475721e-02 7.095673385626936891e-02 5.373062270745210950e-02
2.631815577255744096e-02 4.079625161284371887e-02 5.739373259479638167e-02 7.299596318791448657e-02 8.061610778645497688e-02 8.419518671106582253e-02 7.760117757051843146e-02 6.832273948177729206e-02 5.173516670829614306e-02
2.222914985877958924e-02 2.695002141509770036e-02 3.816481982325724276e-02 4.923690147133202161e-02 5.742607941849724867e-02 6.347765760273821334e-02 6.556448517638055473e-02 6.244720279934039969e-02 5.283089158608133412e-02
2.505997219617546803e-02 3.725989841387857687e-02 5.093910392683384525e-02 6.502540354909973341e-02 7.184997141665472320e-02 7.219432395882077746e-02 7.010165836383662474e-02 5.803485062988163190e-02 4.171504461862490104e-02
3.048602701774426327e-02 4.685741505007021135e-02 6.325615597130357370e-02 8.129565836211759267e-02 9.039005476244738047e-02 9.289610383032527452e-02 8.901325886575944812e-02 7.779942231529433927e-02 5.676142503134570805e-02
2.858574532674638610e-02 4.225843447797628799e-02 5.839787022303249975e-02 7.444433163703710610e-02 8.729951906831770470e-02 8.883048154259252926e-02 8.724707538238767046e-02 7.616536836620885209e-02 5.677229249636858710e-02
2.216707559551171422e-02 2.953429891510724742e-02 4.218534893684085935e-02 5.333439706279893139e-02 6.379186467037245567e-02 6.792070640948362492e-02 6.609671838514109832e-02 6.150324253710057198e-02 5.356765809086811575e-02
2.258305847129665409e-02 2.622699720303229426e-02 3.253941056379035940e-02 4.192251321225184263e-02 4.464390901829887182e-02 4.569870825576756446e-02 4.389309613138087790e-02 3.930682351158110849e-02 3.424991712567691110e-02
3.180122300790404199e-02 4.692116387684473061e-02 6.998109983002225032e-02 8.795011244993002075e-02 9.847819303066591978e-02 1.028993179827557281e-01 1.019134027102606560e-01 9.149501501364371014e-02 7.118821624900102674e-02
3.159874546643779564e-02 5.062618472174672951e-02 6.949538468276744707e-02 8.567967742967869116e-02 9.893615111944453755e-02 1.017703203096354675e-01 9.815935949801474214e-02 8.531761519116341785e-02 6.519384783371078018e-02
2.406471828347302166e-02 3.462937496217491362e-02 4.965652451439528381e-02 6.267426389885734361e-02 7.019855014071857413e-02 7.068742910391792589e-02 6.691683810761564488e-02 5.778686050976700878e-02 4.411795931261421055e-02
2.867180881588133820e-02 4.963209339357704114e-02 6.902037709555045031e-02 8.357482714400886470e-02 9.317111617576137594e-02 9.125388095463835003e-02 8.181154573169591160e-02 6.759666133500721874e-02 4.812419429273509519e-02
2.234266250077922983e-02 3.084828377612949118e-02 4.310508332854078029e-02 5.341773752135886566e-02 6.008818959205128318e-02 6.057340263709483363e-02 5.981685557916528034e-02 5.258866727680401587e-02 4.099091085980517690e-02
2.081730104844058821e-02 2.504774292356302251e-02 3.306709611169473401e-02 4.190662015140508845e-02 4.592088822133550546e-02 4.615533521445563947e-02 4.299173841735311891e-02 3.793319505061538977e-02 3.221589084674982006e-02
3.147897432967249054e-02 4.534842971431871789e-02 6.372050858463913781e-02 8.084999794595844336e-02 9.062050723909653716e-02 9.469987688819379856e-02 9.355337774740797585e-02 8.192294747229625362e-02 5.952034941791699285e-02
2.301920100229218683e-02 3.270179018503247687e-02 4.629744763898620968e-02 5.717860289216112474e-02 6.245835229757928236e-02 6.036620501479635775e-02 5.296420975524111785e-02 3.986854718246912038e-02 2.811833568251758189e-02
1.818910378788802726e-02 2.237903912719545890e-02 2.933099439276559695e-02 3.749420059365499852e-02 4.362346661022194205e-02 4.388286328160408145e-02 4.404414956452598617e-02 3.887544802661560550e-02 3.356135251075847981e-02
2.821833270002329849e-02 3.769990012251998868e-02 5.487767547816506386e-02 6.970415817132670500e-02 7.836522907397798499e-02 8.041427239424905893e-02 7.615774426906543604e-02 6.716668642867026917e-02 4.996491203720093005e-02
3.468024380487032959e-02 5.558887930596264487e-02 7.897038477322505801e-02 9.780011456795194291e-02 1.112574377796255592e-01 1.143873093819230968e-01 1.062514864989754781e-01 9.330384827990625962e-02 6.607256114044560147e-02
2.243121877844142520e-02 3.065830355139428920e-02 4.326765550557763740e-02 6.292950855179502145e-02 7.742694951166556594e-02 8.777952983570029566e-02 9.591491089283457616e-02 1.007424049038200542e-01 9.778088574123817989e-02
3.157167965048836289e-02 4.762729813616511931e-02 6.678105854228312543e-02 8.405734639084506965e-02 9.344823277453995214e-02 9.680830117080395369e-02 9.360331094668825069e-02 8.072960185053990045e-02 5.849804417330982387e-02
2.417399210185407210e-02 3.757487951907460821e-02 5.384968193706934914e-02 6.470316472172356337e-02 6.923880246381616810e-02 6.540826425681160738e-02 5.733201226979595805e-02 4.474597997503134555e-02 3.273964624141845192e-02
2.492624066991204826e-02 2.873292521030275035e-02 4.116137714949681670e-02 5.466567175484347840e-02 6.530697949764253940e-02 7.454362094151280316e-02 7.906567341196349408e-02 8.031377029346872809e-02 7.219424747270104803e-02
2.165374207174949189e-02 2.847361931992089742e-02 4.140066623964723524e-02 5.202650533802671146e-02 6.013192792023790839e-02 5.937148885498959305e-02 5.594138744306900030e-02 4.902872567285601613e-02 3.984469631251175148e-02
3.359939428773867781e-02 5.182989436443451864e-02 7.292734855126051241e-02 8.973272058450379451e-02 9.258403194684058923e-02 9.032712833798015040e-02 7.737686661575184088e-02 6.039734535559414252e-02 4.058266782533011957e-02
2.681231590032284728e-02 4.275299106590799841e-02 6.172976306534069119e-02 7.851522451404724379e-02 9.044161749485161994e-02 9.852486019196476930e-02 1.026899769766609072e-01 1.006380383435519915e-01 8.541154545195023262e-02
2.202278225689338273e-02 2.587774513328970974e-02 3.600103367460559534e-02 4.487988767271182400e-02 5.111038776438824038e-02 5.610399085311249673e-02 5.689596973887005305e-02 5.455955382342486670e-02 4.702552506130128207e-02
2.795860675803029521e-02 4.521296914959956059e-02 6.088916137447500376e-02 7.384045780722119090e-02 8.047105925041202201e-02 7.856096856274441542e-02 6.842045996986487189e-02 5.338980438827517494e-02 3.683635911183719136e-02
2.298082738436599270e-02 2.667305633530341752e-02 3.472218315969279046e-02 4.149424902357337630e-02 4.499196232949969482e-02 4.453499016026180729e-02 3.856894380446829196e-02 3.069919503409487826e-02 2.369983202412286397e-02
2.950982468412983312e-02 4.119951673406797854e-02 5.413174578381726304e-02 7.102482009725524792e-02 7.900116379122208710e-02 8.283863936263735628e-02 7.998447658298185603e-02 7.266404809330127834e-02 5.564572554534361060e-02
2.754361292743448889e-02 4.111942743948539258e-02 5.811183501350297709e-02 7.168029772454689863e-02 7.784582981560467241e-02 7.969106466766945340e-02 7.430477694354511997e-02 6.393114539361821613e-02 4.656821564420737802e-02
3.073434836937982001e-02 4.374522631524817295e-02 6.427031477615367805e-02 8.225628306913719545e-02 9.249639276271530430e-02 9.509619724377861572e-02 8.993860339750935073e-02 7.796910011896156234e-02 6.042803960768991511e-02
2.296160997296740891e-02 3.192618598777315769e-02 4.503466439195808607e-02 5.913063417709324421e-02 7.116154502222239719e-02 7.867947040882254661e-02 8.421695454436642359e-02 8.422201033757090172e-02 7.496865651364369165e-02
3.808596678805509228e-02 5.544718672897080980e-02 8.356262755668236730e-02 1.060756800938033317e-01 1.212229085684999597e-01 1.315722596182404558e-01 1.294191896478888160e-01 1.199290534950665371e-01 9.290720557912775235e-02
2.657588060746629566e-02 3.550563537830001004e-02 5.119381558278535138e-02 6.853491557071386686e-02 8.235270433776060994e-02 8.720582471998475360e-02 9.261094949154496936e-02 8.671584173500651582e-02 7.671105670416319966e-02
3.246408253059444166e-02 5.000747549893162086e-02 7.040724459438350846e-02 9.025889002493374391e-02 1.046116141764893842e-01 1.094278077460701937e-01 1.125651316035086863e-01 1.035377517755802501e-01 8.337437795025971765e-02
2.536093936637720883e-02 3.885805496164577988e-02 5.225241603355024189e-02 6.255475660429944684e-02 6.561459274989762946e-02 5.985862933443122230e-02 4.871507142965829373e-02 3.850917118893765895e-02 2.660956983746527379e-02
3.541682131898858665e-02 4.678421175191354447e-02 6.688640058767994501e-02 8.545036599726192617e-02 9.596025003044271473e-02 1.031871082551633623e-01 9.731451334879046011e-02 8.778287718497770897e-02 6.227063827144497382e-02
2.400752346036678919e-02 3.845995668741816753e-02 6.129815943719441051e-02 8.123065046141671186e-02 9.483863429477963625e-02 1.000902288761511272e-01 1.039014582643940088e-01 9.928632863698876043e-02 8.461321254298641292e-02
2.196795840262294117e-02 3.482298876400979903e-02 5.036862801044235394e-02 7.224387292843606478e-02 9.248040524102422999e-02 1.034223617645568111e-01 1.077514677921095065e-01 1.054506142398100865e-01 9.064997570759469880e-02
3.652824442998706123e-02 5.851669005338484830e-02 8.441287660065339982e-02 1.062041487696254310e-01 1.153961093630536255e-01 1.155876326453760400e-01 1.035711286590164371e-01 8.021093423180082616e-02 5.872306909901595789e-02
2.314809253487432397e-02 3.501747062830627699e-02 5.424584572524792508e-02 6.879962114864628109e-02 7.605757831170800731e-02 7.906511329143151023e-02 7.439018140571257431e-02 6.232166484587164934e-02 4.703495372774343236e-02
3.317707884288054188e-02 4.989687181598565641e-02 7.273856427343348974e-02 8.903236733408786963e-02 9.721681393286311923e-02 9.824306550862949017e-02 9.030081009637337675e-02 7.543768471892245420e-02 5.273302023123432186e-02
3.140401914421574875e-02 4.932573250256856029e-02 7.014151481599720239e-02 8.690704043170360826e-02 9.707187590984388270e-02 9.873345626663736219e-02 9.367979334891136933e-02 8.120235543231356379e-02 5.850704734695359038e-02
2.006582073221600815e-02 2.417276171365573961e-02 3.370376231608663425e-02 4.184084099775790822e-02 4.681106350482838047e-02 5.113763074870122938e-02 4.944285335511765245e-02 4.544571287279546706e-02 3.780730893544118759e-02
