7.374617270961719186e-04 9.400351064557492531e-04 7.438821694563597150e-04 8.918788717426974792e-04 9.248709690752130331e-04 1.016359440361152807e-03 1.044487136598451276e-03 9.699388591836566710e-04 9.323743497180533727e-04
8.120777289424631644e-04 8.245283059633782673e-04 6.435606779989700614e-04 7.728049601830384212e-04 8.034206650953769954e-04 8.671856135152802717e-04 8.172741751448502241e-04 7.424462474077906651e-04 7.346620684343079920e-04
5.723507055731284678e-04 7.355101653561410893e-04 6.319289581899990502e-04 6.863303786856127849e-04 7.339220113245888610e-04 7.767296472304649523e-04 7.896749018795497493e-04 7.445210138888429252e-04 7.210894316807260574e-04
6.534431142880975114e-04 8.297698923418728688e-04 7.728767707772303758e-04 8.030866899170664578e-04 8.360280255017533231e-04 8.509235840826145881e-04 8.336871762639557447e-04 7.318784533685743872e-04 6.852218217757304356e-04
7.860986575646295316e-04 9.833539252533495933e-04 8.195844941571514422e-04 9.603450122636435866e-04 1.127027331762815200e-03 1.196989504245776726e-03 1.331395603130552203e-03 1.229320456715338400e-03 1.277328123344561011e-03
7.405067872246739449e-04 8.239071953143185627e-04 6.939186323878127624e-04 7.610103675823501985e-04 8.148602529398728646e-04 8.532109540058235289e-04 8.517435742194874636e-04 8.261940147763287452e-04 8.292103235617242184e-04
7.290062281377719449e-04 7.902011227299000603e-04 6.469009476551905967e-04 7.284767307907262556e-04 7.706866897403364877e-04 8.020746454841956672e-04 8.329134246326120716e-04 7.782911710241743886e-04 7.917939055043581812e-04
6.352382634699233876e-04 7.379256989769079900e-04 5.973832157172147576e-04 7.091678066339310044e-04 7.457612383964212603e-04 8.218140396233516130e-04 8.327920582784518935e-04 8.588283078966440099e-04 7.771211692362759013e-04
6.464964909217333711e-04 7.613386906726600902e-04 5.957223369695490789e-04 7.027532640848060778e-04 7.451465067427335198e-04 7.710460412776167990e-04 7.469340859957636662e-04 6.837286748117092075e-04 6.638962213256784616e-04
7.552811168869785112e-04 9.508131702254131977e-04 7.671040545188934209e-04 8.705264262812931891e-04 9.524668945047329912e-04 9.982784032623404167e-04 1.010781119569650497e-03 9.142474144140332309e-04 7.977928128863703795e-04
7.250296075463592230e-04 8.315684838928349585e-04 7.069475620136510914e-04 8.373238413404740206e-04 9.162806001586781823e-04 9.471788928650559962e-04 1.020021332846666757e-03 9.333884170457963907e-04 8.849522539717974163e-04
6.272850430438788949e-04 6.540538678649237322e-04 5.774646277962828134e-04 6.562399369327169335e-04 7.432877545655102542e-04 8.161402731681440589e-04 8.019722050445328649e-04 7.744663017627918594e-04 7.494870234664342693e-04
6.265694447343550261e-04 6.506221275448409056e-04 5.393591721959394708e-04 5.923609813139709464e-04 5.931283970871754820e-04 6.503059214123012776e-04 6.312636896980245663e-04 6.130813413196495396e-04 5.683566280132917653e-04
8.269528913572975898e-04 9.644259296946671540e-04 8.066310799509005371e-04 8.565326277844345897e-04 9.681772067989482698e-04 1.072242186149351085e-03 1.072638321307965367e-03 9.873382045223714088e-04 9.660578420493666323e-04
7.806592994481465712e-04 9.836094733437403780e-04 7.932741765235184128e-04 8.143243079924177615e-04 9.385483154974750284e-04 1.006719068398296462e-03 1.061293013080997051e-03 9.690052576869768964e-04 8.971507414491162839e-04
6.060897212196113531e-04 7.454204475640586244e-04 6.294000092733330895e-04 7.083408144604548193e-04 7.409793969730504686e-04 7.939996299279086485e-04 7.527199549146044218e-04 6.981491335578062125e-04 7.087353975464197710e-04
6.842820262932783511e-04 8.288195881302655790e-04 7.169889668991733574e-04 7.082023658568358275e-04 8.151111768764123704e-04 7.779559742517011111e-04 7.832782124140788300e-04 7.726979547955033266e-04 7.732375236281984962e-04
5.804077247255815366e-04 6.798753541768310163e-04 5.814890481522709369e-04 6.426935968330948351e-04 6.950993593154428715e-04 7.486433351916961304e-04 7.576940352209838442e-04 7.183217190164185167e-04 7.070071683807393126e-04
5.713790603891665465e-04 6.453537790405811624e-04 5.255479934385753416e-04 5.748917545693434323e-04 6.182075630926312914e-04 6.151924447910454407e-04 6.026315084015084573e-04 5.818604898517894643e-04 6.038251190200533613e-04
8.457199849211202323e-04 9.146376453162480746e-04 7.931808569208776728e-04 8.667211947196539054e-04 9.460370851001825929e-04 9.791473251306690058e-04 1.028193295275668662e-03 9.688704807600542019e-04 9.891243396418674446e-04
5.517464893542412506e-04 7.268059678426782525e-04 6.160725013351926044e-04 6.399129084327438190e-04 6.924697979022400749e-04 6.753813106570134232e-04 6.063413429555608017e-04 5.444608185160989492e-04 5.445287967806039129e-04
4.930043712494953500e-04 6.142654614009260532e-04 4.786216889841797507e-04 5.391228160840020852e-04 5.940337000282523748e-04 5.881213237158377074e-04 5.956086302933377794e-04 5.758798434460620777e-04 5.739673154019251603e-04
7.170228536795099968e-04 8.199542021260312072e-04 7.769007717714074886e-04 8.467348497929656249e-04 9.574483864613682902e-04 9.515826842274077756e-04 9.347757767819566766e-04 8.320259408279018221e-04 7.155826861835641595e-04
8.426246008444523592e-04 9.838434875845002061e-04 7.898368637693627082e-04 8.591403702135653065e-04 9.552551428759170583e-04 1.024314071389761200e-03 1.057007692988340105e-03 1.055416746048061863e-03 9.692282994698318919e-04
6.258098088025485471e-04 8.415889993913069000e-04 6.535735650656412628e-04 8.277685882979825879e-04 1.043520741470030594e-03 1.117836169377581061e-03 1.189563691160625512e-03 1.308617801979091409e-03 1.302554094224054378e-03
8.041970322667873171e-04 8.600965888174215510e-04 7.372903204208389877e-04 7.800204168343095575e-04 8.738168614891982534e-04 9.644047044200912454e-04 1.004839835849727966e-03 9.751062123297756130e-04 9.802868380956828321e-04
6.362242692644260898e-04 7.008949940464876760e-04 5.657215241309235991e-04 5.971230442742000511e-04 6.169691542164924217e-04 5.948372342926678104e-04 5.949418447576169207e-04 5.398224474464673791e-04 6.419804005626556388e-04
6.567775771659157451e-04 6.694805244029219862e-04 6.211097457538589540e-04 6.998503235060371877e-04 8.556201936514194143e-04 9.546598323630607012e-04 1.000239547104017461e-03 1.069215752028495128e-03 1.030774574562891548e-03
5.957822200477423929e-04 7.391649487937616012e-04 6.279254347275049601e-04 6.435764479550052080e-04 6.656166228541265158e-04 7.266710503020981215e-04 7.215163505519018054e-04 7.092418856925279940e-04 6.080547594526418496e-04
8.204368857843123437e-04 8.975762474766463533e-04 7.606614095656779630e-04 7.975412046861616016e-04 8.118574472315906584e-04 8.018618498079075957e-04 7.657583237732633634e-04 7.818342678347680588e-04 8.895222686219151969e-04
6.974626082658317303e-04 8.432331607792081796e-04 7.497045928622429311e-04 8.236691314211730614e-04 1.013427951972551474e-03 1.111513650776304761e-03 1.208282760680047790e-03 1.146629748226912857e-03 1.188747391831007074e-03
6.349248126334335615e-04 6.599403142725751136e-04 5.862645326492101896e-04 6.808500744478944520e-04 7.054227672799463214e-04 7.813171825864182211e-04 8.305880094305614176e-04 7.385768794273437840e-04 7.043291604365538652e-04
7.876345005345551566e-04 8.373213813179064243e-04 6.166368966379108876e-04 6.756089763118260485e-04 6.794046278398769732e-04 7.101590325384239157e-04 6.793405144155741137e-04 6.473162286894790229e-04 6.411036530059566717e-04
5.714255725185070746e-04 6.334036717874007121e-04 5.429332097830285144e-04 6.079144853584834193e-04 6.357652893049990607e-04 6.087465984776949893e-04 5.822559158228119564e-04 4.797081395609307055e-04 4.793927226624234805e-04
7.532161944047140265e-04 9.802332619989644665e-04 7.411034982817265443e-04 8.682821139790573720e-04 9.479078852314391530e-04 9.805330373608325389e-04 1.020065337073260050e-03 9.740356756528103328e-04 9.058366187732005709e-04
7.661761340679450367e-04 8.365980921531376889e-04 6.888416739173803833e-04 7.440092108487937313e-04 8.194401970696826767e-04 8.124101671164736093e-04 8.037250554580816289e-04 7.734157375001757912e-04 7.273813373106383312e-04
7.683286368072383228e-04 9.152672380862549115e-04 7.305203906776034598e-04 8.263231924476314083e-04 8.892469233858730842e-04 9.429385781944272767e-04 9.492634936612647477e-04 8.508632973336818610e-04 9.118464781537283194e-04
5.889429135076351641e-04 7.458682173551672932e-04 6.100425966296341368e-04 7.393750106494302457e-04 8.902396056734928308e-04 9.220934608383002688e-04 1.047043171370594470e-03 1.055945504385711557e-03 9.950971163566091522e-04
9.725481746911690279e-04 1.165344280861309485e-03 9.546673454676340726e-04 1.066485389181213344e-03 1.155906152996785110e-03 1.365052851033227892e-03 1.379604854288633527e-03 1.406926370835054037e-03 1.423854346521173523e-03
6.290808991414181817e-04 8.574410900294090771e-04 7.403351418397908406e-04 8.833605797718022080e-04 1.048110072925000991e-03 1.058458268483746054e-03 1.182247137852479851e-03 1.123565042905069452e-03 1.167715422043970460e-03
8.362217439904007016e-04 9.957221430247707294e-04 8.467686219914934880e-04 9.446779664962106412e-04 1.137306451785724103e-03 1.140467054094148041e-03 1.260618385392841797e-03 1.272640988578736462e-03 1.194732409910632996e-03
6.982340726904541842e-04 7.273684187405611524e-04 5.934531466101257034e-04 6.098843181293850217e-04 6.208241570104269759e-04 5.813906708112493099e-04 5.372054825453136204e-04 5.406803029545965023e-04 6.533084799412485410e-04
9.088868768065958871e-04 1.014305047983620617e-03 8.590887871099445357e-04 9.681983455865055682e-04 1.056121323091001362e-03 1.232161293347630972e-03 1.201092418532529122e-03 1.199263834833728297e-03 1.096156822667464356e-03
6.661738184350578370e-04 8.147214484780950687e-04 6.900726323554927464e-04 7.908654895353709781e-04 9.532162123877172249e-04 9.957830614471716545e-04 1.117963048448847611e-03 1.140917541868563230e-03 1.230706090533048103e-03
6.657139895546099802e-04 8.178567041974566919e-04 6.941365083104946440e-04 8.765904511721195292e-04 1.058888863989956852e-03 1.156398242300654255e-03 1.325773469706631371e-03 1.271711756800787425e-03 1.128697802253151618e-03
9.166563917678656123e-04 1.144669668339737788e-03 9.746190146487488217e-04 1.011142537644678157e-03 1.042631361005618438e-03 1.070108756663101920e-03 1.020251093553655505e-03 9.189184057947919881e-04 8.833529364097621314e-04
6.360848259218484678e-04 7.932195209457866807e-04 7.067304785938533819e-04 7.188907163468228126e-04 8.223419851336060717e-04 8.289210562011908780e-04 8.620722388043532136e-04 7.707023279313918477e-04 7.345849730292421803e-04
8.227013140586743670e-04 8.922327049982851921e-04 7.144842181923209126e-04 7.741069325982540385e-04 8.628176676156133892e-04 8.953188692985889320e-04 9.063343133647966355e-04 8.744104993177150486e-04 8.438808939285542040e-04
7.336909857412395606e-04 9.417796343157581324e-04 7.551907878889383210e-04 8.427335997323305529e-04 9.121264128357629451e-04 9.689988156477512661e-04 9.671693851387186966e-04 1.013161599702993047e-03 9.239682116716241853e-04
5.217980324385707849e-04 6.173598912164102908e-04 5.439806895387818732e-04 5.606495333782785884e-04 6.295863625466373639e-04 6.734581433593962285e-04 6.540550134953096451e-04 6.608728167536422147e-04 6.082726497119995664e-04
