6.346453435928964826e-01 6.341389822372520690e-01 6.287876934156355624e-01 6.145910884169847321e-01 5.948862324821848624e-01 5.712282544382734084e-01 5.417408561526197985e-01 5.094223210484406517e-01 4.800778500500852974e-01
6.140763758129139660e-01 6.095666242764591347e-01 6.033260772549873252e-01 5.885514558613719194e-01 5.656929651476115817e-01 5.402412035261614509e-01 5.069629999776537055e-01 4.771841612470216210e-01 4.461151094383456472e-01
6.747828292257378457e-01 6.794156320350527301e-01 6.756962788696304623e-01 6.625678424303146352e-01 6.391149322753508777e-01 6.127070688816197430e-01 5.779207718105671132e-01 5.390496418322056060e-01 5.018753505736551768e-01
5.762759435707927036e-01 5.745184908171643290e-01 5.692642123088443862e-01 5.559423292412362105e-01 5.378659333902224837e-01 5.158591414154477528e-01 4.927525804136009269e-01 4.654577028519975568e-01 4.400410188886653695e-01
6.795674134007455569e-01 6.805111581356970696e-01 6.766611011382567265e-01 6.662116152180158624e-01 6.512736807290939733e-01 6.293202915907882833e-01 6.051190173213281120e-01 5.792648168555570853e-01 5.588553972155787530e-01
6.331764677644360351e-01 6.348112463193713584e-01 6.301891977732361205e-01 6.165967962827501037e-01 5.969779038271761928e-01 5.714421156854216921e-01 5.413060880097680938e-01 5.121130212946295446e-01 4.824084162936111420e-01
6.024593954182464461e-01 5.992006270236071019e-01 5.931540705804744240e-01 5.785674218576745131e-01 5.588882661994734047e-01 5.328048447049141823e-01 5.025659426075402836e-01 4.719513001521580819e-01 4.461091396174190482e-01
6.056160280383540151e-01 6.010375063041766275e-01 5.953127506498324673e-01 5.852758231628877317e-01 5.701741899815616632e-01 5.499717962167353091e-01 5.271360826356188412e-01 5.010739049497709985e-01 4.779960003107021072e-01
5.702037400980285442e-01 5.657838521306481905e-01 5.584664005438328971e-01 5.441090204478269410e-01 5.237306562713309743e-01 4.986051871837479665e-01 4.711151053887160933e-01 4.450264663701722356e-01 4.212569785878803597e-01
5.622567498129141805e-01 5.600283429634200782e-01 5.561473970380966803e-01 5.467834107227940166e-01 5.326430129198614916e-01 5.155874983445017934e-01 4.968386973674683293e-01 4.778805819990633585e-01 4.597554237309270930e-01
6.925242458035694160e-01 6.885342286140366808e-01 6.787850971981690407e-01 6.616262474181400233e-01 6.347088479713240972e-01 6.025880903307523351e-01 5.605282321609028617e-01 5.182887314650835853e-01 4.751811982662125233e-01
6.114814027608093117e-01 6.076270637284745257e-01 5.995645641296751815e-01 5.880950247767087191e-01 5.709775296395639410e-01 5.490634380974653839e-01 5.254147981810864954e-01 4.985660447696479980e-01 4.769151511958709122e-01
6.208038856465051269e-01 6.116424892625170751e-01 6.012817594837651658e-01 5.822946036471132736e-01 5.574339447245122425e-01 5.294753589142839889e-01 4.958251967901391999e-01 4.649693313612138779e-01 4.373994980284816592e-01
6.009311860418828921e-01 5.992616137528573583e-01 5.943226273651550651e-01 5.839685969717791636e-01 5.671669998675711311e-01 5.464336901818858117e-01 5.177740709783805739e-01 4.900494162175740298e-01 4.636624018910790457e-01
6.225429807890698886e-01 6.215362725623735374e-01 6.116175682302688044e-01 5.953947276630536800e-01 5.736374721512459418e-01 5.449276598344823253e-01 5.108639367581775392e-01 4.739500250827079486e-01 4.404705118107863915e-01
6.188420492885149393e-01 6.151219469401931761e-01 6.065963566406680219e-01 5.917923352599747666e-01 5.706206640649633677e-01 5.447228749780566037e-01 5.134970416134774229e-01 4.868717606760106231e-01 4.605251933649122664e-01
6.805624541760492141e-01 6.846187588776024846e-01 6.778869871425877713e-01 6.629482015996911448e-01 6.352864659856991558e-01 6.020806139682216562e-01 5.653463395969621219e-01 5.274634626373707613e-01 4.893744079344664599e-01
6.774561408783571492e-01 6.728542708016167495e-01 6.662691720420316210e-01 6.512401213646700215e-01 6.310383303676264655e-01 6.042214848122492432e-01 5.721546911741176578e-01 5.346956816741806895e-01 5.019832835799953319e-01
5.354976607490731233e-01 5.289096195387066324e-01 5.215601469800288381e-01 5.082536854179178221e-01 4.917854551802487428e-01 4.734650374360588332e-01 4.531466895279427365e-01 4.315251001233001427e-01 4.148755565999776573e-01
6.618913220448127133e-01 6.565529134686235446e-01 6.574498563145029228e-01 6.483858013600556358e-01 6.336913770022346570e-01 6.138740630960919376e-01 5.874876552325289936e-01 5.603895911464562563e-01 5.340234594525297140e-01
5.481403054914341100e-01 5.410919044357371810e-01 5.331215353665194057e-01 5.170264435341620501e-01 4.968184982638255698e-01 4.720652008291168489e-01 4.464184518183809680e-01 4.203273756169068620e-01 4.022861290223607722e-01
4.985819235424855944e-01 4.938841507986610480e-01 4.872159087208318140e-01 4.756835248876829514e-01 4.621925182297782486e-01 4.465366172782025966e-01 4.271163390438242891e-01 4.108406413333750007e-01 3.987751552736291671e-01
5.895194713327652769e-01 5.862315497280181642e-01 5.803494115934468844e-01 5.677886475316120674e-01 5.475059175872299955e-01 5.214282162670695886e-01 4.917037725875469389e-01 4.611071493635136576e-01 4.315438822623228754e-01
6.693230689206952633e-01 6.705314275411354830e-01 6.646986192690402806e-01 6.486694838587142575e-01 6.242042458877550271e-01 5.892411837500637350e-01 5.512692159381323842e-01 5.064713247861983847e-01 4.660246479955925669e-01
7.006079221326507733e-01 7.109509676816689883e-01 7.210929366544168717e-01 7.241653062231195870e-01 7.158416158362270743e-01 6.985777018606702526e-01 6.763352212606416058e-01 6.504130225539770382e-01 6.218236142150561641e-01
6.107122361414526468e-01 6.120714833788065690e-01 6.115758892765212895e-01 6.033492282234405035e-01 5.931943005801795232e-01 5.758651368498075573e-01 5.578585052813783696e-01 5.397681320929512694e-01 5.254330841336165570e-01
6.079480454520894694e-01 6.094059826846802697e-01 5.994677062637610021e-01 5.804669436513070213e-01 5.534408341089148697e-01 5.242968557447382771e-01 4.884577629992503112e-01 4.556408262959220634e-01 4.269147123770749563e-01
6.351685497436049266e-01 6.320219951233043698e-01 6.291312242226346774e-01 6.214211660702666506e-01 6.090289911108158760e-01 5.940205070843940227e-01 5.751593975071307430e-01 5.559153028238842387e-01 5.346849234759925018e-01
5.727173552023455683e-01 5.645345540289227193e-01 5.553547722899218053e-01 5.389025479500449967e-01 5.172740979885012136e-01 4.932462079543931122e-01 4.653376935598310671e-01 4.372471898951680314e-01 4.127863532781284595e-01
4.981726519552284738e-01 4.938673081725937775e-01 4.862044941402396958e-01 4.724390473573080729e-01 4.525593502989525008e-01 4.327493390084922176e-01 4.103435691582351663e-01 3.908135582339114511e-01 3.801370602792327191e-01
6.597859137233228477e-01 6.621276190756931745e-01 6.580497588714319113e-01 6.461362165470130314e-01 6.301642490774530536e-01 6.107879684144547072e-01 5.860111027715200205e-01 5.580541024565399688e-01 5.332434179937918239e-01
6.264261354416748029e-01 6.227918529191961428e-01 6.146498071646641082e-01 6.000347103284802142e-01 5.790072300906755620e-01 5.519550267538516630e-01 5.204293768881198545e-01 4.846514708108928260e-01 4.554643135190446501e-01
6.427374397014689045e-01 6.374913383402850409e-01 6.294721607694379051e-01 6.112571042157797230e-01 5.847123112499879038e-01 5.531838146205961815e-01 5.170380125397859850e-01 4.788580643730331876e-01 4.429215880743861966e-01
5.680229925125269697e-01 5.603669442086898211e-01 5.507357431765065314e-01 5.340537659985244989e-01 5.142939931963919076e-01 4.910009284382043648e-01 4.637241805282124041e-01 4.373019935269821801e-01 4.195165529434644602e-01
5.338140809174942714e-01 5.293642862195875320e-01 5.233258436869693275e-01 5.117701660565230348e-01 4.976848249682077063e-01 4.773822298118435836e-01 4.568023497502174401e-01 4.335210631842190132e-01 4.140805146272127923e-01
5.533780433396864318e-01 5.522934150931160247e-01 5.472362985806982216e-01 5.360134231933673110e-01 5.203357143871520929e-01 5.016063863162918413e-01 4.813325048600759493e-01 4.581265012571427153e-01 4.391293937616476684e-01
6.460976605467058098e-01 6.466769979182579453e-01 6.379168409978269727e-01 6.166451715335601325e-01 5.878430677886000710e-01 5.486457023694170099e-01 5.099463726064881186e-01 4.662678001129712535e-01 4.256555854200914646e-01
5.936182068258177846e-01 5.899685878712020992e-01 5.860848853774913714e-01 5.748322520590516405e-01 5.621837522974748591e-01 5.468669441793176933e-01 5.266478139308314876e-01 5.059248001195302269e-01 4.869413652037508644e-01
6.580580488510299197e-01 6.580018879244183827e-01 6.535008075181594212e-01 6.409621828456769643e-01 6.204496107963850537e-01 5.924265419459620041e-01 5.593267395272060183e-01 5.199618406919598312e-01 4.770078898810662937e-01
5.646520411066405787e-01 5.608324410670394444e-01 5.593664167656061670e-01 5.521109547516346305e-01 5.422912831139378165e-01 5.276749953554057404e-01 5.098305604682205061e-01 4.901014601140049054e-01 4.752689452035667173e-01
5.993042258639563746e-01 5.994602817159583319e-01 5.960242692776990259e-01 5.875587499444636652e-01 5.743467459608986303e-01 5.549345677064578819e-01 5.368880536342411913e-01 5.148969336045879919e-01 5.013381017063771594e-01
5.467489109411517445e-01 5.434689128613309217e-01 5.338816122581383494e-01 5.183194187102828643e-01 4.980484134995343259e-01 4.740485412364054962e-01 4.487329228865428732e-01 4.238214126567743101e-01 4.074277124469987132e-01
5.439774432749268085e-01 5.428956431697823382e-01 5.425112753176337677e-01 5.355667933240227940e-01 5.278891698588714654e-01 5.176536689462298835e-01 5.027472744446261910e-01 4.921592336648168975e-01 4.789460940762286789e-01
6.724469322881116984e-01 6.871892118004607752e-01 6.917278245082307819e-01 6.828298141358665196e-01 6.635329532822122900e-01 6.350335612758509773e-01 6.024523087569516600e-01 5.694780832557055916e-01 5.398068653457126498e-01
6.221452330868519898e-01 6.325182469499746052e-01 6.395043062414142998e-01 6.421343766630737138e-01 6.348356053511434727e-01 6.171870818234180822e-01 5.912468975171559782e-01 5.592895825427055545e-01 5.270361267990181231e-01
5.845146472414561867e-01 5.789646713903938702e-01 5.718553539848499900e-01 5.512745361241148112e-01 5.268790225541580829e-01 4.939432922081955502e-01 4.584182980526237405e-01 4.211079928510862991e-01 3.899334474120076943e-01
6.583182979571785554e-01 6.596709407121194024e-01 6.521455513332986564e-01 6.324813190012781305e-01 6.005177787529289990e-01 5.624933447373468010e-01 5.195386455397640324e-01 4.735551511930812807e-01 4.350600222849345666e-01
5.730872134465642143e-01 5.727212557685271710e-01 5.652505134660429365e-01 5.500638297044463387e-01 5.285790282935088902e-01 5.032893537326934563e-01 4.760734262803982264e-01 4.478855196109934322e-01 4.243686007556105588e-01
5.996403234234486401e-01 6.001065733360320120e-01 5.984839428694429531e-01 5.903741186611976000e-01 5.783581733681019132e-01 5.617218423503889113e-01 5.399136347728165086e-01 5.184077217215905531e-01 5.009024916063873345e-01
6.268111414074686305e-01 6.209054366804069858e-01 6.120430066997819551e-01 5.986788954004018670e-01 5.805623630201331986e-01 5.564576657243294200e-01 5.284011787193831911e-01 4.983798900930954678e-01 4.710458819944399744e-01
