6.696953272731958392e-04 7.459718503751245960e-04 6.178034230970554314e-04 7.255245556780254724e-04 8.189614191113801442e-04 9.327867945921560801e-04 1.029678966398623469e-03 1.064669153767014822e-03 1.015564216540544226e-03
6.534566910199366514e-04 7.172070528699948195e-04 5.506371344399540492e-04 6.757115301993760030e-04 7.255307301048709301e-04 8.263878796458642203e-04 8.624490247773761642e-04 9.358792953099506762e-04 8.017219319027478171e-04
6.419029224643435939e-04 6.744453289098033353e-04 5.799024408213131329e-04 6.754079961151177383e-04 7.860320829743614162e-04 8.867090237277534424e-04 9.842736595500388517e-04 1.092672272489028781e-03 1.071294891528119537e-03
5.620965613343580037e-04 6.571931422972681876e-04 5.416706907948156194e-04 6.225639971470010598e-04 7.040611357539000581e-04 7.615288179484948827e-04 8.422761559745685312e-04 8.508169720911055349e-04 7.227339438527485968e-04
7.177203548664476754e-04 8.170624638950039174e-04 6.593842291555560226e-04 8.357464173522797472e-04 9.131430646146744459e-04 1.094533499339037314e-03 1.253274854743350935e-03 1.397103032238942435e-03 1.745431433756392979e-03
6.504296249683080107e-04 7.061771659243490200e-04 5.755514993648631460e-04 6.687685863227093826e-04 8.431509500028528357e-04 9.175284606205107293e-04 9.700995286048430402e-04 1.089052899827924487e-03 1.050585955663767886e-03
5.968693602068874098e-04 6.465003245568149565e-04 5.224769442593083478e-04 6.082399888137718586e-04 7.075750507586587787e-04 7.633779892187600533e-04 7.920242452224759023e-04 7.800512675292139812e-04 7.686729681364296149e-04
5.748000436572093435e-04 6.389073214286443078e-04 4.948299515371545323e-04 5.802869919651221925e-04 6.564310408508268078e-04 7.177466826825838666e-04 8.152913598762387241e-04 8.544867179128732507e-04 9.826185498454395682e-04
5.562451112330949170e-04 5.643580518465831719e-04 4.752700648556706063e-04 5.291252580940283270e-04 6.167980704045521959e-04 6.500051669781473952e-04 6.851372438310538143e-04 6.908543555857484236e-04 5.700649902591036758e-04
5.593167241726448337e-04 6.277057850114123143e-04 5.195405765973293202e-04 5.998654707128101915e-04 6.813478604011634094e-04 7.741701177768524214e-04 8.650380853802802595e-04 9.843358631195851631e-04 1.038516498136586629e-03
7.128378667446219489e-04 7.711755400973235560e-04 6.060351312288355177e-04 7.512771257992557341e-04 8.307652612039156123e-04 9.438251319420352297e-04 1.014357768672377287e-03 1.058445125623640485e-03 9.718096974334842477e-04
5.475270562445089598e-04 5.913277423029312521e-04 4.625247369702668409e-04 5.720565860815660228e-04 6.542423940036630036e-04 7.222123016545217451e-04 7.847055562043919134e-04 8.268074771762073342e-04 9.604662299243407319e-04
5.887027841592464093e-04 6.576587245577976415e-04 5.377280391157305238e-04 5.844930996059058284e-04 6.573329671318172860e-04 7.218332149776719069e-04 7.500479478282031818e-04 7.322384424325404382e-04 7.018991519716029142e-04
6.153834319976075537e-04 6.846800036395110124e-04 5.537038616908316517e-04 6.522878443821433997e-04 7.463672462355906787e-04 8.538057262681517535e-04 9.051357392453007701e-04 9.486146214990986807e-04 9.166765648195608629e-04
6.002753173567289442e-04 6.773755764904750660e-04 5.391819876754848145e-04 6.068919208885314737e-04 7.418128767045286407e-04 8.091301856861860724e-04 8.528375399085733142e-04 8.401599217432030760e-04 7.842253765081047979e-04
6.288084982655767078e-04 7.094805759117658308e-04 5.638999909654327349e-04 6.513401192775717958e-04 7.283627850695307366e-04 8.381398071046478786e-04 9.205486070866475369e-04 9.290095489749426077e-04 9.133956129108271316e-04
6.851203738443623677e-04 7.812010013368038538e-04 6.488569416878907066e-04 7.578920243113621957e-04 8.707679054885247025e-04 9.845055829814939111e-04 1.085105222546550686e-03 1.056174725136173765e-03 9.240423140974593323e-04
5.809204818793109373e-04 6.608706389127842577e-04 5.487607786354024896e-04 6.692543746296548664e-04 7.257510643732267581e-04 8.764656367742935505e-04 9.439219097459541517e-04 1.030025292892813036e-03 9.846518526876553087e-04
4.893258865765344988e-04 5.261046914916324034e-04 4.082983673074892469e-04 4.650266606512479034e-04 4.915373607433200969e-04 5.413854886175690617e-04 5.409514885314583611e-04 5.280794264961893685e-04 4.873455147608880800e-04
7.672462566977085192e-04 8.753468268267428597e-04 6.770592754634366037e-04 8.136588670638208965e-04 9.203024552272122752e-04 1.051325477995014969e-03 1.215260256376861922e-03 1.427882056944595416e-03 1.517129136991281256e-03
4.798996893120336077e-04 4.980338500686816178e-04 4.122795248562635272e-04 4.457073246988092828e-04 5.018143665351925548e-04 5.154786181219803446e-04 5.131117379830234465e-04 4.363157225995148371e-04 3.133943336967372228e-04
3.996909716264121569e-04 4.590848226496378206e-04 3.437560923812506730e-04 3.800324564722553766e-04 4.302473687816843104e-04 4.671247102127666032e-04 4.691270963967626522e-04 4.340971111231304333e-04 3.683094392710543593e-04
5.911820665841708948e-04 7.028036727681163899e-04 5.308116417292094418e-04 5.998486617889453067e-04 6.949594180749446570e-04 7.425282824179087237e-04 7.921148272452840054e-04 7.836979044270357339e-04 7.410137671119283427e-04
7.851926459254115597e-04 8.458517221589049442e-04 6.828249105294763137e-04 8.553936854558989375e-04 8.985204143438213888e-04 1.007389693423643836e-03 1.041849196580591289e-03 1.023711269973659379e-03 9.113554616982860257e-04
6.752586922976893139e-04 7.904610016505934054e-04 6.289500096282855555e-04 7.126019742342130404e-04 8.655840641496027020e-04 9.634925078767196671e-04 1.201166544935046128e-03 1.474332506363333932e-03 1.645104411573675629e-03
6.298184006061660579e-04 7.716672873683712557e-04 5.908337497600046504e-04 7.030384491599119684e-04 8.453422258510185630e-04 9.471309296692766947e-04 1.103207137132435544e-03 1.201528352392512841e-03 1.319778949240633546e-03
5.440938247398841845e-04 6.540015870160698422e-04 5.284438254045267054e-04 5.993698689298297688e-04 6.715483608922508726e-04 7.071441698418065710e-04 6.965749443919827359e-04 6.279045415938805125e-04 4.914967853929703978e-04
6.138407225244861412e-04 6.365403152860374045e-04 5.388164970459337214e-04 6.466000914361500970e-04 7.471576376991757211e-04 8.611476256729766856e-04 9.460239363306336248e-04 1.096039586635298973e-03 1.330582001938792301e-03
4.946820193044008289e-04 5.327261840679632047e-04 4.350829362359629891e-04 5.025819165230925459e-04 5.371942366295411097e-04 5.981022977269481169e-04 6.487834032376501919e-04 6.210614954376814491e-04 5.154484037464805322e-04
5.447323173722563253e-04 5.818662262957454909e-04 4.542021120912229266e-04 5.032966578789758788e-04 5.136120900236945414e-04 5.276310296610914850e-04 4.532665441097116256e-04 3.646683051267793243e-04 3.000841401842217564e-04
6.288210085489654658e-04 7.407513534193657092e-04 5.993993647719517105e-04 7.219489499855617125e-04 8.880239090944458185e-04 9.670310735276314981e-04 1.123984614054776392e-03 1.220822663958035133e-03 1.417230630600053304e-03
5.752647587187756590e-04 6.196203194846369678e-04 5.371946150893656784e-04 6.266919967317899527e-04 6.827146908234483147e-04 7.330804154282272948e-04 7.836200302738248512e-04 7.871812817507712300e-04 7.897035326292857265e-04
6.191617269532388333e-04 6.455911272078824039e-04 5.684226168879911696e-04 6.207614951657228252e-04 7.237483467741809545e-04 7.864486818538961831e-04 8.216642634575402337e-04 7.863622028685201366e-04 6.270658252110987820e-04
5.441874010893310316e-04 5.503622739324210041e-04 4.520781111050446699e-04 5.127406946611081772e-04 5.105712052453735680e-04 5.998064020537507892e-04 5.602139259881033046e-04 5.225434934542013158e-04 3.998033092668702585e-04
5.304631056853341886e-04 6.044360606090145227e-04 4.804718044369405100e-04 5.615060497329846852e-04 6.128053343183709591e-04 6.730470807321795902e-04 7.196446338182797310e-04 7.449458836397460136e-04 7.171468996299449694e-04
5.188421765462792679e-04 6.100913356433424351e-04 4.944323692406473337e-04 5.719671122058012308e-04 6.277096652859048744e-04 7.176072868115503014e-04 8.088215594945709396e-04 8.226493996034968349e-04 8.188082007834332531e-04
6.841010642622008140e-04 7.774438419734926121e-04 6.041250642703710960e-04 6.781616447803571861e-04 7.768458399235538513e-04 8.477476345550486294e-04 8.452683045459416728e-04 8.154640930324659649e-04 6.409415781350503733e-04
5.112537938573726666e-04 5.989404960188341419e-04 4.853814343550517160e-04 5.685749959637642278e-04 6.245306181491654118e-04 6.860670125835347487e-04 8.119180170138072614e-04 9.090057145830744093e-04 1.073298557721425557e-03
7.886384629917220354e-04 8.831862405371957358e-04 6.650050982274273654e-04 8.369431008371641797e-04 9.572413444895295186e-04 1.026958566257195338e-03 1.118704133448663240e-03 1.237751244192547085e-03 1.202345750704008568e-03
5.243957737595479531e-04 5.821769008210371261e-04 4.741376851585250938e-04 5.748875648239283511e-04 6.415402647434527601e-04 7.228865701470615652e-04 7.848052249584662075e-04 8.865687974620239465e-04 1.034379028826361204e-03
6.065360326464519156e-04 6.898862027409860152e-04 6.064365662979152643e-04 7.158088519753687956e-04 8.567818692424209164e-04 9.181557544942736248e-04 1.072215020013076326e-03 1.149748659420339212e-03 1.460838102266397284e-03
5.276250226149114533e-04 5.825627576626043243e-04 5.052919592103486800e-04 5.604815034180060012e-04 5.710395381077730407e-04 6.144190121408809116e-04 5.830433008988776403e-04 4.818368264814031445e-04 3.018103415930253625e-04
6.979203925156486589e-04 7.443510562215057249e-04 6.225323466319122694e-04 7.314447565490221452e-04 8.335177298534890422e-04 9.514533711363427947e-04 1.072150328764498711e-03 1.307043896902912970e-03 1.310931415718961414e-03
6.728940321418519499e-04 7.532716200724585672e-04 6.625774634625853894e-04 8.216385295874965465e-04 9.861684069573332240e-04 1.089541311775402447e-03 1.228140318826628687e-03 1.430364296005692338e-03 1.518841349735238324e-03
5.895626273677707615e-04 6.612135787379930891e-04 5.785242413348267625e-04 6.880200928526073465e-04 8.401507937970611887e-04 9.763057048894177884e-04 1.122644111799619591e-03 1.385860117104597330e-03 1.598118452879341385e-03
6.953679918387395149e-04 7.461522496678632413e-04 5.735553101454937122e-04 6.732333318800931467e-04 7.070611876503850703e-04 7.100511950241042425e-04 7.272603008763148290e-04 6.612755213974248151e-04 4.946482796145588133e-04
6.149042561359136872e-04 6.224864008964374690e-04 5.580293537812853338e-04 6.460611057367616518e-04 7.168931810865453039e-04 8.070012505574216061e-04 8.487188908790961215e-04 8.173499862981302823e-04 6.783791527533044761e-04
5.570711646570001858e-04 6.287193254920675663e-04 5.196982891711877245e-04 6.160415494579043116e-04 6.887617683793530654e-04 7.289373558945110498e-04 7.586701187902713736e-04 7.213323669302270725e-04 6.111771527881370344e-04
5.921908958362085253e-04 7.052889779842404531e-04 5.742517531336353322e-04 6.600345851161258963e-04 7.786615665915969271e-04 8.679999335515884047e-04 9.889754407876540001e-04 1.055617989774993099e-03 1.145664092587509505e-03
5.824995011864545283e-04 6.708316126853220611e-04 4.932719717507297839e-04 5.630925568852707076e-04 6.373355021452890498e-04 7.262893413512263360e-04 8.294665740670517651e-04 8.652066673666908639e-04 8.824226481167723839e-04
