1.745861995570840638e-02 2.175753241006133515e-02 2.415205469338601099e-02 2.736132885174564350e-02 2.786077201318954213e-02 2.744896145828476519e-02 2.610716985933958859e-02 1.990038492176588944e-02 1.211848525979271167e-02
1.617696159034557116e-02 1.773960439094400543e-02 1.996466121307938213e-02 2.188501711846965042e-02 2.189729438614843038e-02 2.036227586822799904e-02 1.690580089221398186e-02 1.084261996311037396e-02 5.239835920415248337e-03
9.519062233574819218e-03 1.348654790620758444e-02 1.772222767883201849e-02 1.999683251074473728e-02 2.047347285711649881e-02 1.973259989092371672e-02 1.743696990109460179e-02 1.216297727388672596e-02 7.168096724415672083e-03
1.704714560059361617e-02 1.921042861937388713e-02 2.074185646130162833e-02 2.186040986896252078e-02 2.202277309123540014e-02 2.010644778762290044e-02 1.650869738140736329e-02 1.093611887961373416e-02 4.632605091362623773e-03
2.151893095201061132e-02 2.418003271854714947e-02 2.888030811507646956e-02 3.294707398976996771e-02 3.713230840597325777e-02 3.751541582358619564e-02 3.747327409939802539e-02 3.197273649422257419e-02 2.119327638466560887e-02
1.269233352449401775e-02 1.635697270213500032e-02 1.888032432297056043e-02 2.122544929764458299e-02 2.193627157013179618e-02 2.172408214405319865e-02 1.869148705094799551e-02 1.423534839416717816e-02 8.688462203555853691e-03
1.333327345136480456e-02 1.623353709718347582e-02 1.818001690682814059e-02 2.008761726676405734e-02 2.099393450176037165e-02 1.990809228682597493e-02 1.649778359843859232e-02 1.158471871312677370e-02 4.805920446443938225e-03
1.494124431367775500e-02 1.804187516000538630e-02 1.955741087817932863e-02 2.200312902427517536e-02 2.265377538863857024e-02 2.351907904372026528e-02 2.111871576457466024e-02 1.709597024249549443e-02 1.100311919981168673e-02
1.384863618764275127e-02 1.584509074391341962e-02 1.833538872996427413e-02 1.898789682274157342e-02 2.000502415115656268e-02 1.940157713344062979e-02 1.605017000193325119e-02 1.047087988316918947e-02 5.462664030099448863e-03
1.755663725702674705e-02 2.116081986322914527e-02 2.375677369887382179e-02 2.594549096798318133e-02 2.623359720084814106e-02 2.589883165381762567e-02 2.332287696800230264e-02 1.694059319027917468e-02 1.015630696660623465e-02
1.742820748057703067e-02 2.113666904736951138e-02 2.311191086102632603e-02 2.596544729121049930e-02 2.766456863488264348e-02 2.681311054990173984e-02 2.391681877243469201e-02 1.664500179784509856e-02 1.010576066748919942e-02
1.357128333736977270e-02 1.576947723984042232e-02 1.754170893571755513e-02 1.962407982255071764e-02 2.146685581177769364e-02 2.046759428621906449e-02 1.881435200687188794e-02 1.450302306238540444e-02 1.015385747695988876e-02
1.093091854050834942e-02 1.355555628751512788e-02 1.519817286364349984e-02 1.585678246257008969e-02 1.542384197834314151e-02 1.477488014376332828e-02 1.171753819079928913e-02 8.420705242399918397e-03 4.273881023338850157e-03
1.931923601932873311e-02 2.210484016217512809e-02 2.456696616908321876e-02 2.790414698731321502e-02 3.015823963098115956e-02 2.956801942540904921e-02 2.708606206467288266e-02 2.083068875315972554e-02 1.271322081087496343e-02
1.870649175316829727e-02 2.249961606149882345e-02 2.472021595053159118e-02 2.788722139826865787e-02 2.830485087499073210e-02 2.958891342469932573e-02 2.578460981673931854e-02 1.958187775913756978e-02 1.182505068247485802e-02
1.311419896992372519e-02 1.504952494128460917e-02 1.673318029513310226e-02 1.821918794885553014e-02 1.937855585224588714e-02 1.799116540857907329e-02 1.559202319085747912e-02 1.087711258775031151e-02 6.065259395949301920e-03
1.245517363503734556e-02 1.608738110083198294e-02 1.825686623228576014e-02 2.022616672783996566e-02 2.027408160531768769e-02 1.813859274280738010e-02 1.445258547779788502e-02 8.370956675477780190e-03 5.979339977393549090e-03
1.269974796518551739e-02 1.535767941324825935e-02 1.752494335985810975e-02 1.825935793524751174e-02 1.875526805788705481e-02 1.747906698309777476e-02 1.431596471305138750e-02 8.652921461034655815e-03 4.090298893614834064e-03
1.297480917996763836e-02 1.376255089553039476e-02 1.438922377149936226e-02 1.413345716628362607e-02 1.414826733239397255e-02 1.232631237965164592e-02 1.005921781299356707e-02 5.393297587866082224e-03 3.009480350587890023e-03
1.634382724766371767e-02 1.897120840833441818e-02 2.134017657999469006e-02 2.282549946014030690e-02 2.426588414470251184e-02 2.474780227217477507e-02 2.131877131764524369e-02 1.704512145467484280e-02 1.066820239562340199e-02
1.343991864340111225e-02 1.505742271288163826e-02 1.727578486126045421e-02 1.788688813533380675e-02 1.762623124990606027e-02 1.562612695459222184e-02 9.739642341995896624e-03 5.091898239832950458e-03 4.527266352676236581e-03
1.115527238814131850e-02 1.267193516978191818e-02 1.445350633872109075e-02 1.546423448173828846e-02 1.518580570578476063e-02 1.392758775819183392e-02 1.164779391663638315e-02 8.484858580163427352e-03 4.252560124179596140e-03
1.825109954089810041e-02 2.193345660667890898e-02 2.593343418008271437e-02 2.944272292099426799e-02 3.045296851582959471e-02 2.871978940030688390e-02 2.541935521745745594e-02 1.949017240101622375e-02 1.090536334023281366e-02
1.878555050688195463e-02 2.373134709004217843e-02 2.575538546745389373e-02 2.872909217254606545e-02 2.863657291572219155e-02 2.810577899098073637e-02 2.362522819603721583e-02 1.512096572819012635e-02 6.282804602461624331e-03
1.330332488202720480e-02 1.737651465248925275e-02 2.410811890891366785e-02 3.257440128688871006e-02 3.798386555340411280e-02 4.121741363938780101e-02 4.341790563348681131e-02 4.156179827324140569e-02 3.399996551460998662e-02
1.649362566025818280e-02 1.807391028306312014e-02 2.032035491421491438e-02 2.171620277993061357e-02 2.318002027809534793e-02 2.379950973793688515e-02 2.043172403793138900e-02 1.578792066800746921e-02 7.914166084447850011e-03
8.206514594843592608e-03 1.133574504529226076e-02 1.334005509608516410e-02 1.375249659749204142e-02 1.295981315690692554e-02 1.140567105300997579e-02 8.232845767841624404e-03 4.464139701846829567e-03 4.716294282462504123e-03
1.534890428337898523e-02 1.939253236122991803e-02 2.227526949561984757e-02 2.508343119705858798e-02 2.693499371014526980e-02 2.830861526709222559e-02 2.738150423504373196e-02 2.537022330186211594e-02 1.977654447450463704e-02
1.496590775127998145e-02 1.583067678640794063e-02 1.863733470409995735e-02 1.948145179814559855e-02 2.029307399445669929e-02 1.915315788876529798e-02 1.655805814979334489e-02 1.180306145852069895e-02 7.081526576760882423e-03
1.944815468541607681e-02 2.110170116610067190e-02 2.347185987867456830e-02 2.235448569984294434e-02 2.128686773568425408e-02 1.823129367759802194e-02 1.279022334174787813e-02 7.322902904763956521e-03 4.855709388101234897e-03
1.630028709297008660e-02 2.023344528769614389e-02 2.522404355799159892e-02 2.778935755830165208e-02 3.133258561643163798e-02 3.425498106723823266e-02 3.361424085395984390e-02 2.917363026104620102e-02 2.108220980415796350e-02
1.366667070991666594e-02 1.735836228682333809e-02 2.172726497501108189e-02 2.453956838505223087e-02 2.486156678919779900e-02 2.427249770938524204e-02 2.137649081816889521e-02 1.648776479878757625e-02 9.100659344240431825e-03
1.230106765307683973e-02 1.502262674818281678e-02 1.503696202054135601e-02 1.609619256841248250e-02 1.611334597558808368e-02 1.368154729816621271e-02 1.054135935425463792e-02 5.971125634636796110e-03 1.723732657320502237e-03
1.347759678441407330e-02 1.502310469269939157e-02 1.630794376425921330e-02 1.671138236768572941e-02 1.478992506834424063e-02 1.261645455022353951e-02 8.370904185016275062e-03 5.078268942289644247e-03 8.397309986864824605e-03
2.073276760490784174e-02 2.468564519140817662e-02 2.740940215384861725e-02 2.959146337191811277e-02 3.107817623065230531e-02 3.010428852223894294e-02 2.656555541572191287e-02 1.993252108703328848e-02 1.125737368359809587e-02
1.411970783281689575e-02 1.599726679882658084e-02 1.940590499793188803e-02 2.017082777243120809e-02 2.092204577149103795e-02 2.031861766751692430e-02 1.679769062631255097e-02 1.210510299082261793e-02 6.501276224890468504e-03
1.472810424935621504e-02 1.909708926541178395e-02 2.314551963454444111e-02 2.618769137633947253e-02 2.653072661450681449e-02 2.697456356361300350e-02 2.351738858889166131e-02 1.789443603474573027e-02 9.810575676581355375e-03
1.610768282284200797e-02 2.040316317479570069e-02 2.356967865358490857e-02 2.711782744191851280e-02 2.948058107959532562e-02 3.145283376363013084e-02 3.042679347335269097e-02 2.704440641045586027e-02 2.066191721831142289e-02
2.435435990285303789e-02 2.929597994441435899e-02 3.288381057107374328e-02 3.664257304851660513e-02 3.938425755016044388e-02 4.078415571279268154e-02 3.950589739350846702e-02 3.260245373185688411e-02 2.163532556760203174e-02
2.152995832095003226e-02 2.552834758946576771e-02 2.946258562822425681e-02 3.357552638592507105e-02 3.616537057711097236e-02 3.715694070757287470e-02 3.410413688644125391e-02 2.808006646057248715e-02 2.055761830869570414e-02
2.061754749612465173e-02 2.322946162734028722e-02 2.691402310654861241e-02 3.245525888140918247e-02 3.467298662716562091e-02 3.680288774664939450e-02 3.541342254554084856e-02 2.928524634081942565e-02 2.066661023819926432e-02
1.084638793547756247e-02 1.293697331027166518e-02 1.326439216418358324e-02 1.338796202659371833e-02 1.226722488680649127e-02 9.512964734454822102e-03 5.831639695865365770e-03 1.226125341701782756e-03 2.224283270138817641e-03
2.056128873574903163e-02 2.444365653836385807e-02 2.770077193490820891e-02 2.934063998712866522e-02 3.104711597792371436e-02 3.124488208219236562e-02 2.857876311196943728e-02 2.208505188940700775e-02 1.220946782620415012e-02
1.012922641865136690e-02 1.341922086157682978e-02 1.896357956137537798e-02 2.350253331829061515e-02 2.928302602558582879e-02 3.055660596115408745e-02 3.094268742768999103e-02 2.827069453759846820e-02 2.092667658077164428e-02
1.328320592063364503e-02 1.598804014307131718e-02 2.169893682512917185e-02 2.783734588897541704e-02 3.498688377898481749e-02 4.043825905703448548e-02 4.181719688323842082e-02 3.544296350768937759e-02 2.769695050913585296e-02
2.322836934391427424e-02 2.774780825279584556e-02 3.130989252561795777e-02 3.220312265057500428e-02 3.276705059234040485e-02 3.007441253187382105e-02 2.484634184559060543e-02 1.643334161252683889e-02 7.907492010100838908e-03
1.174917648053295897e-02 1.758847403146674218e-02 2.116825381576004778e-02 2.352373581030229102e-02 2.553575177387999370e-02 2.432941571292636732e-02 2.090668848585000572e-02 1.456072154876817716e-02 7.057381910659242183e-03
1.675170435750192657e-02 1.980915599891478612e-02 2.057489516903925064e-02 2.170723037031473124e-02 2.259819625018209127e-02 2.155958447535039069e-02 1.754201774339128606e-02 1.252485494656010306e-02 5.220300095646467943e-03
1.789258191187375474e-02 2.041232177337051756e-02 2.306764938432113651e-02 2.505356669846017445e-02 2.570222801960161604e-02 2.488138499917557853e-02 2.124583731845905779e-02 1.627445002861162282e-02 9.742945977156483583e-03
1.141873430324208925e-02 1.324447713640243378e-02 1.496660648489762414e-02 1.612577655954262196e-02 1.635068741213610566e-02 1.569318526688091159e-02 1.273037114998735141e-02 8.769411558636055343e-03 4.406597725568717899e-03
