5.165270248985790987e-04 5.409745799095876367e-04 4.374340757521415386e-04 4.784315436679472777e-04 5.119785654158496213e-04 4.769398892596507337e-04 4.422551582553305659e-04 3.853284154540065321e-04 4.126912198009269404e-04
4.816192867787300199e-04 4.933649273958931950e-04 3.716151054036453917e-04 4.142729095737230694e-04 4.156952577297926368e-04 3.814548303147222890e-04 3.171791368536101027e-04 2.994925934678587301e-04 4.945280861740586039e-04
4.599636017410910650e-04 4.649141049626121978e-04 3.330227398240426153e-04 3.906800090673215667e-04 4.019549655008368806e-04 3.734015787958840896e-04 3.437821140101954319e-04 3.017121846079176984e-04 3.374172760164228916e-04
4.864782367023882535e-04 5.373284345257897015e-04 3.767809105684756629e-04 4.030841404931858295e-04 4.081567619711784414e-04 3.998725785162520027e-04 3.494525082363282272e-04 3.041260025357641283e-04 7.120059846431319329e-04
6.044072582180035676e-04 6.449005224232619944e-04 4.989689560492184409e-04 5.478729081492015934e-04 6.203278824185599330e-04 6.315511279847683436e-04 5.874087304883148951e-04 5.174992172270421673e-04 4.706574488773499799e-04
4.766650680247298691e-04 4.517468208967310647e-04 3.596122536610821957e-04 4.272252427881430953e-04 4.035497995647241713e-04 4.079211480230770853e-04 3.652749810481901267e-04 3.590451019261458568e-04 4.539195636253087534e-04
4.631654708045679944e-04 4.878026841760298659e-04 3.584086252189617279e-04 3.813613316056013594e-04 4.001061799625807067e-04 3.791924241524046975e-04 3.410132891773868255e-04 3.187914349114004224e-04 6.094833277310820379e-04
4.684278841005330100e-04 4.921084748312166621e-04 4.001593876369015021e-04 4.186649828490083040e-04 4.331270397617742788e-04 4.320299800006667783e-04 3.869395104893472354e-04 3.426872296515906524e-04 3.124286225145596601e-04
4.462919737490694144e-04 4.708786864070262567e-04 3.520080552459284458e-04 3.817026871574230162e-04 3.811474965699032267e-04 3.702094426531664872e-04 3.170689367350898805e-04 3.127524043779648867e-04 5.148750454546491924e-04
5.128716816331809186e-04 5.557117283813043469e-04 4.171919174337110564e-04 4.531290344155491641e-04 4.695672156005707611e-04 4.396734336397456564e-04 4.188061291025255194e-04 3.576040077255800771e-04 4.306499461534597957e-04
5.254383152553005224e-04 5.813579136704412906e-04 4.235933903316116997e-04 4.769592569685157462e-04 4.959163972987240846e-04 4.615416746592127645e-04 4.561583320690271344e-04 3.564500780395872342e-04 3.697104545633454970e-04
4.615863835266717876e-04 4.820968421358925418e-04 3.737242724180964647e-04 3.810528404115505691e-04 3.945887118557796420e-04 3.756962095910659815e-04 3.496892388906118606e-04 3.145082495787235918e-04 3.006859600297407341e-04
4.150297534316007729e-04 4.831962740074295659e-04 3.355020692008193919e-04 3.348108856629223424e-04 3.144746045778916812e-04 3.326574969164798981e-04 2.719656597939047217e-04 2.853591591891953575e-04 3.483219115074065149e-04
5.665535746447013113e-04 5.766807112270668119e-04 4.259012581557861500e-04 4.814478017511116545e-04 4.755556479645690004e-04 5.244170290764152160e-04 4.723373394936399884e-04 4.036081787378056050e-04 4.424475086425782525e-04
5.035833332761282047e-04 5.783554191647205262e-04 4.344482371045600916e-04 4.728539032344317682e-04 5.020133884932073774e-04 4.948388290938326994e-04 4.393035100134632027e-04 3.729093510177130416e-04 3.690081917535962793e-04
4.157468137651425515e-04 4.449775053547474070e-04 3.327532166505453538e-04 3.527383890813389888e-04 3.680971121555133476e-04 3.434186947214894941e-04 3.320481188951705537e-04 3.018782870932696207e-04 4.689955007585407988e-04
4.413043820091921846e-04 4.791278160057254286e-04 3.528012983931234415e-04 3.636056047979887890e-04 4.109143115421339584e-04 3.775281868812061696e-04 3.317401596532420344e-04 3.220756806956644484e-04 6.560796159599838152e-04
5.080545214036522126e-04 4.810047687941580458e-04 3.853921761351532553e-04 3.627819806115605483e-04 3.633345215787708296e-04 3.405869273895534245e-04 2.877428803320481549e-04 2.980147007882327651e-04 4.692695716421449383e-04
4.468950188487461278e-04 4.512372970538294542e-04 3.099887449698758546e-04 3.084792057087724568e-04 3.259898742332878116e-04 3.102619933016324502e-04 2.812184652245308994e-04 3.150187809642690279e-04 7.822514299309100754e-04
4.941823909665186195e-04 5.836365353769700859e-04 4.073396324445663331e-04 4.424856102731304273e-04 4.330828977692252786e-04 4.588259890238124451e-04 4.247212977448301761e-04 4.109704232011072186e-04 4.719118181326461994e-04
4.628138059936014116e-04 4.690961215552437447e-04 3.400160464424061869e-04 3.348188819903803260e-04 3.420898386852015390e-04 3.078799467638683647e-04 2.884260967563636018e-04 3.415388509530960280e-04 7.560054982076257852e-04
4.152004093882959504e-04 4.243465689291494843e-04 3.241661036405810072e-04 3.140432855254898770e-04 3.086774868061235009e-04 3.071158012670102645e-04 2.890442874821990359e-04 2.762800241208654113e-04 5.942338094663584180e-04
5.577141092051653712e-04 5.688527838033244442e-04 4.558883192215555441e-04 5.326995075575245231e-04 5.091759904758731432e-04 4.720038619916860109e-04 4.339838728220121841e-04 3.921383426362576828e-04 3.402383738562492124e-04
5.292952134205860474e-04 5.728245819626397433e-04 4.332965920180994806e-04 5.019621586975565094e-04 5.024451270823810951e-04 4.881330905291283800e-04 4.445669145659603160e-04 4.031615889416098608e-04 8.053969571662558669e-04
5.044215401452451690e-04 5.018927850793774691e-04 4.591745931487052471e-04 5.674169361461379882e-04 6.273748682525700886e-04 6.981686989249351674e-04 6.760481231885900281e-04 6.604744127342922514e-04 5.536187236632885518e-04
5.125824060239896366e-04 5.089694675702069026e-04 3.755531438508683787e-04 4.078219944308523852e-04 4.436703340353024150e-04 4.612692300544692808e-04 4.150806617741431516e-04 4.285061014046533849e-04 6.581873692472988259e-04
4.095592961587729477e-04 3.773175102317430927e-04 2.856694441906743737e-04 3.032750909801718952e-04 2.915489794296552526e-04 2.643094854694139702e-04 2.776823195280426039e-04 3.332858839941988099e-04 6.952521826063237697e-04
5.158940285456917749e-04 5.420267862075075485e-04 3.893474857518623559e-04 4.519705237154288775e-04 4.608928448878299097e-04 5.013938714058147365e-04 4.531609335352175852e-04 4.403778302299515618e-04 4.474719234331656125e-04
4.940752268255503826e-04 4.858430416403781201e-04 3.714338477598868194e-04 3.608467514405642399e-04 3.755575533263042051e-04 3.544020958469542605e-04 3.356981266666017919e-04 3.082815717147447581e-04 3.419188357070621748e-04
5.260211320545235634e-04 5.396015665907489406e-04 4.036670679124853374e-04 4.297680191484891865e-04 4.122420243951308277e-04 3.637530938965487649e-04 3.134028929704190769e-04 4.767932043307337433e-04 1.772515588443757811e-03
4.995084630519393103e-04 5.125314995401037159e-04 4.650802184539230139e-04 4.842280220259920459e-04 5.484973499295859624e-04 5.506213794437255166e-04 5.426493018457350130e-04 5.050579085687691020e-04 5.099675735506114692e-04
4.484236239882174188e-04 4.553045629613789195e-04 4.133142907535505969e-04 4.617437966726695392e-04 4.616233840669728135e-04 4.280470249252170314e-04 3.903840795223579587e-04 3.507895004863550016e-04 3.397926977638599856e-04
4.024863854596972233e-04 4.390461434662677937e-04 3.091291561238012253e-04 3.308818412054142914e-04 3.403298670129667382e-04 3.122166150467031091e-04 2.680541986448299065e-04 3.204204020980797388e-04 1.336359590755610083e-03
4.131376497824865504e-04 5.082137727204107504e-04 3.253581425636121582e-04 3.513553339618810168e-04 3.039926254577907561e-04 3.197120036093422540e-04 2.996148380552138431e-04 3.405121821702629327e-04 4.300006475022036452e-04
5.746062102762293381e-04 6.049099640242025250e-04 4.771122254889140213e-04 5.039528686688702361e-04 5.298885511498683176e-04 5.160158137375518272e-04 4.536820837054480744e-04 4.078375383575281858e-04 5.053669850332624626e-04
4.351785267844931831e-04 4.684251174666965415e-04 3.844504490607237126e-04 3.888955431991901598e-04 3.687193012141657972e-04 3.810975321084022626e-04 3.485800177490271014e-04 3.500313297238610041e-04 6.353738106351391503e-04
5.344470485136970346e-04 4.936375311908768786e-04 4.424801515866819330e-04 4.476686007358354497e-04 4.819782912404119808e-04 4.541009030568611484e-04 4.133109855701931775e-04 3.570583176937098223e-04 4.237918229862679153e-04
4.753579546477161122e-04 5.467423577679229440e-04 4.083170320646907470e-04 4.813411984117671981e-04 4.834658709874300000e-04 4.937434366593627943e-04 4.995407478064292249e-04 4.453887762526980375e-04 4.003591156659904371e-04
6.813618059166653366e-04 7.251326219725819132e-04 5.933269177719591560e-04 6.327041431654076894e-04 6.818881463363753778e-04 6.938503314138911009e-04 6.201555851677333347e-04 5.580254910395285621e-04 5.473894064629862208e-04
6.065479406476171221e-04 6.550309277767053101e-04 5.044055090444155400e-04 5.636579526136540437e-04 5.745079841572525801e-04 5.826858036303294869e-04 5.479485404684825015e-04 4.739664693762184839e-04 4.934303329484157966e-04
5.731884797846968638e-04 6.168860239453029639e-04 4.668196187076408292e-04 5.875027177003149231e-04 5.924248492999674084e-04 6.117020621953277648e-04 5.846572089787704148e-04 5.135154610255441079e-04 4.767363586583329700e-04
4.642891080805490131e-04 4.017161407405992293e-04 2.872929853084093795e-04 2.900974462305066582e-04 2.902212092453848114e-04 2.747505924313875135e-04 3.035915668442229010e-04 1.376697541802268925e-03 2.115084150758516496e-03
5.850284919849974702e-04 6.115099584092268618e-04 4.732752685258475515e-04 4.877501372824312562e-04 5.526150331478961106e-04 5.188453281369291787e-04 4.808940715559468170e-04 5.081357385430696361e-04 6.443328886249633913e-04
4.019851351999396169e-04 4.827100035872846761e-04 3.809278822414687168e-04 4.239158658400004145e-04 5.239166192319971976e-04 5.345423721335846277e-04 5.118104594073754439e-04 5.123266387512809402e-04 4.783302020121155411e-04
4.773825986380862501e-04 5.139062131655240326e-04 4.104574023717412088e-04 4.769010473450841859e-04 5.611632383772030075e-04 6.362336826727925821e-04 6.890030801587262175e-04 5.703772390603193418e-04 5.072050052577048006e-04
6.557009203417555514e-04 6.693203363129923700e-04 5.298446946875542442e-04 5.386980919397339274e-04 5.182315776346116572e-04 5.337595213404498383e-04 4.429039662853293913e-04 3.512982203112621229e-04 4.801332039846210702e-04
4.131160689140145163e-04 4.896511378856334851e-04 4.046864749327914123e-04 4.406910358397403004e-04 4.363320782940680021e-04 4.237900032781973273e-04 3.773553489609711301e-04 3.484642773994123493e-04 4.110779347729663700e-04
4.672962798192582248e-04 5.672126290125143735e-04 3.980363259783897844e-04 4.123900462944345949e-04 4.321004089502269128e-04 3.869960943521840173e-04 3.471878004855282265e-04 3.605583712141931458e-04 9.086716155768700780e-04
5.232813741025895164e-04 5.382582553671982082e-04 3.979211482575170222e-04 4.482237928293103220e-04 4.464905644285147935e-04 4.657560260231223548e-04 4.177988639598181160e-04 4.241144208102576914e-04 6.780915648739899463e-04
4.422213140600502303e-04 4.480041003120849210e-04 3.212866007537538179e-04 3.315646824893610451e-04 3.318528245299659442e-04 3.399500153594790385e-04 3.074470946074557933e-04 2.887493604785056978e-04 3.727123205236118077e-04
