1.037463333333333395e+02 8.338750000000000284e+01 6.199811666666666810e+01 4.082697074314575048e+01 2.618626349611430726e+01 1.612342477099704396e+01 9.311449182524640378e+00 4.777953070873157237e+00 2.149350000000000094e+00
1.240654642618570449e+02 1.024743333333333482e+02 7.770313333333332650e+01 5.219676388888888852e+01 3.404442627372627328e+01 2.086330673428210503e+01 1.177351757678638045e+01 6.036309451556848060e+00 2.632649999999999935e+00
1.126626666666666665e+02 9.830433333333333223e+01 7.725456666666666194e+01 5.264343928571428677e+01 3.509853874458874401e+01 2.250798173295142846e+01 1.306599301329717200e+01 6.830833095342827121e+00 3.282534074690558246e+00
9.862408149632598509e+01 8.010410000000000252e+01 5.889522142857143194e+01 3.874339273228162028e+01 2.498718136891058705e+01 1.559795527354900457e+01 8.845122950843798293e+00 4.558490066167856014e+00 2.010470000000000201e+00
1.138913333333333355e+02 9.300833333333332575e+01 6.946320000000000050e+01 4.537597936507935970e+01 2.920974111444111543e+01 1.847476064549900343e+01 1.087612056444477027e+01 5.810129861350367797e+00 2.668331863805611270e+00
9.857933333333333792e+01 7.998683333333333678e+01 5.907436666666666980e+01 4.006614469696970104e+01 2.517649820155335050e+01 1.520521810233837279e+01 8.598717599928571431e+00 4.474435434553749147e+00 2.019239999999999924e+00
1.111429525718102838e+02 9.037156666666666638e+01 6.751256904761905275e+01 4.530124493180048972e+01 2.958816192724114913e+01 1.806111432921691318e+01 1.025124225308545611e+01 5.383482190862741490e+00 2.345045045045044851e+00
1.111009999999999991e+02 9.581900000000000261e+01 7.602046666666667818e+01 5.430525714285714400e+01 3.783829498834499105e+01 2.531830224888200576e+01 1.550059970411289001e+01 8.509468587738830081e+00 4.215837630254620549e+00
9.960454241816967169e+01 8.111820000000000164e+01 6.226089047619047534e+01 4.252619347041846964e+01 2.792892599401372777e+01 1.717293944998631972e+01 9.965041689502031730e+00 5.189620622350808787e+00 2.337270000000000181e+00
1.096399465597862246e+02 8.908310000000000173e+01 6.633172100672099702e+01 4.484254384254384718e+01 2.975835815018314534e+01 1.883529039334270649e+01 1.091202953750965676e+01 5.798855130060241336e+00 2.678028028028027752e+00
1.404008016032064177e+02 1.137210000000000036e+02 8.423438438438438425e+01 5.652816864483531134e+01 3.643104688382466350e+01 2.242495692208548164e+01 1.267507105763095332e+01 6.401494951433759795e+00 2.824529096068454592e+00
1.283006012024048061e+02 1.091863727454909849e+02 8.516006006006004725e+01 5.989780375613709396e+01 3.999246651468873637e+01 2.648237128507596694e+01 1.605291725410949510e+01 8.818453211836787986e+00 4.521088364518787373e+00
1.626092184368737605e+02 1.404900000000000091e+02 1.103484317650984394e+02 7.703051384718051509e+01 5.162341746508412399e+01 3.375781458559236370e+01 2.021957133945510776e+01 1.101392571292496569e+01 5.326417669285319789e+00
7.426092184368737037e+01 5.927553333333332830e+01 4.429407979407979212e+01 2.982321864544087120e+01 1.916115440869330300e+01 1.199414720977102533e+01 6.910820404379030890e+00 3.664064950366207718e+00 1.610020020020020093e+00
1.617755511022044175e+02 1.314130000000000109e+02 9.853575241908575322e+01 6.667968809523809171e+01 4.442436570769904591e+01 2.793238727418092893e+01 1.590245200520775448e+01 8.122519376597251650e+00 3.639242510422861177e+00
1.145163660654642683e+02 9.407533333333333303e+01 7.050226893560225960e+01 4.834572936507936447e+01 3.127462463442855878e+01 1.917639107180136193e+01 1.099859161265099949e+01 5.792062568727728511e+00 2.784989999999999633e+00
8.387140948563792620e+01 6.637903333333332512e+01 4.767445714285713620e+01 3.073859354256853749e+01 1.927632634500432829e+01 1.114615766019857546e+01 6.050714418589716814e+00 3.140235593794041158e+00 1.246680000000000010e+00
1.147980000000000018e+02 9.503300000000000125e+01 7.310610000000001207e+01 5.040900238095238706e+01 3.371503636363636502e+01 2.178015283188174323e+01 1.272313004403032188e+01 6.628633209731306764e+00 3.161716934373383747e+00
8.943699999999999761e+01 7.592110000000000980e+01 6.031281666666666297e+01 4.247393712121211706e+01 2.895111868703192215e+01 1.917846157641522353e+01 1.160085928267519861e+01 6.094500664691099523e+00 2.928657731958763222e+00
1.268190000000000026e+02 1.022136666666666542e+02 7.578048333333333630e+01 5.081368015873015764e+01 3.299676970113220165e+01 2.030919695737881980e+01 1.159673041974136609e+01 5.984705264426708915e+00 2.540050000000000363e+00
6.771976666666665778e+01 5.652803333333333313e+01 4.287078809523809753e+01 2.942594557109557485e+01 1.930107040050162936e+01 1.206348673818295936e+01 6.963105683619465580e+00 3.578230291552519482e+00 1.515550000000000175e+00
8.362389999999999191e+01 7.210666666666666913e+01 5.801916071428571087e+01 4.212864493006993172e+01 2.890825693745109248e+01 1.890074651262918692e+01 1.145372735528924757e+01 6.110758775101678530e+00 2.953930000000000167e+00
1.162925851703406863e+02 1.000577822311289111e+02 7.892807281229126204e+01 5.568406813627254337e+01 3.785761606184952655e+01 2.447388450241477642e+01 1.472207439288935937e+01 8.043897560428035831e+00 3.808278033711919530e+00
6.440865063460253737e+01 5.085320000000000107e+01 3.617346115957226971e+01 2.334377444499944332e+01 1.443632574335656216e+01 8.429017374294071274e+00 4.547691496261902167e+00 2.162294185814581216e+00 8.630400000000000293e-01
9.937374749498998483e+01 8.993766666666665799e+01 7.419177510844178869e+01 5.636508174841507923e+01 3.978807021307022040e+01 2.664258588425255070e+01 1.656952126619215804e+01 9.465651475529732295e+00 4.687210425556149751e+00
9.598279893119573103e+01 7.619976666666666176e+01 5.696783095238095740e+01 3.772384335717669757e+01 2.428960829853299330e+01 1.478572270170232095e+01 8.276209326056932269e+00 4.167282930079781345e+00 1.775740000000000318e+00
9.643887775551101527e+01 7.921259185036740291e+01 5.834337961637560710e+01 3.826928584428584657e+01 2.409543561355048524e+01 1.460653274857601858e+01 7.947508318651889780e+00 4.119046797356466172e+00 1.728238238238238411e+00
8.086623246492986539e+01 6.898869999999999436e+01 5.539614523809523661e+01 3.923519988242210843e+01 2.669296051864801811e+01 1.718035846721074122e+01 1.044717355160167926e+01 5.915199136439172278e+00 2.974581881041578502e+00
1.371966666666666868e+02 1.153486666666666736e+02 9.013124999999999432e+01 6.267365476190476414e+01 4.251090672105672041e+01 2.762791723256104248e+01 1.663343056586411706e+01 8.762252066157394381e+00 4.189669278493707516e+00
6.589503333333334467e+01 5.198314285714285177e+01 3.733322068764568513e+01 2.420244507409515222e+01 1.526889443252307288e+01 9.058826234253370302e+00 5.016277856493235987e+00 2.423560000000000159e+00 8.094999999999999973e-01
1.056165664662658799e+02 8.758366666666667300e+01 6.622827827827828173e+01 4.473427514816403772e+01 2.968685844241399607e+01 1.879651398733928147e+01 1.085752052905763421e+01 5.692471740786054113e+00 2.601410185695899990e+00
7.509018036072144753e+01 6.586783333333332280e+01 5.234379379379379316e+01 3.702869933425488824e+01 2.535094600399600395e+01 1.640398494502811744e+01 9.771525407726016965e+00 5.374010414721520412e+00 2.699510678055373702e+00
1.592690000000000055e+02 1.263409999999999798e+02 9.366531666666668343e+01 6.290881785714285712e+01 4.010917609890109503e+01 2.444002612817086018e+01 1.376048371236247192e+01 6.694236209917098002e+00 2.737199999999999633e+00
6.703089512358049262e+01 5.635340000000000060e+01 4.439299523809523862e+01 3.120505267171933994e+01 2.102321905790287815e+01 1.339475068147489800e+01 7.753864757148636322e+00 4.165992805254143505e+00 1.923099999999999810e+00
6.549469999999999459e+01 5.501546666666666852e+01 4.209952380952380935e+01 2.878273396603396250e+01 1.903715307159338366e+01 1.210667973664897978e+01 7.281112099314039021e+00 3.798232286228164334e+00 1.721200000000000063e+00
5.891155644622578080e+01 4.754615476190476642e+01 3.519076616298838900e+01 2.353216985447807730e+01 1.509607631796027327e+01 9.136745270652804507e+00 5.265623904306873548e+00 2.772745515076070699e+00 1.205245245245245123e+00
1.182064128256512987e+02 9.842100000000000648e+01 7.425802469135801687e+01 4.930116783450117168e+01 3.141188335355002081e+01 1.886557881823406646e+01 1.053817987159767000e+01 5.235616141897912357e+00 2.179439439439439852e+00
1.796042084168336714e+02 1.536663333333333128e+02 1.210675675675675649e+02 8.647020353687020133e+01 6.112035805646916486e+01 4.159818993228993378e+01 2.615355952895730596e+01 1.510226268258265669e+01 7.811481941273002327e+00
1.409031396125584479e+02 1.120546666666666766e+02 8.304826493159826839e+01 5.523264812431479243e+01 3.501085995393495409e+01 2.118414778525022157e+01 1.168928792834915775e+01 5.851235314294316758e+00 2.490250250250250375e+00
8.558350000000000080e+01 7.304699999999999704e+01 5.795335238095237429e+01 4.083711944444443986e+01 2.819680767002605037e+01 1.868755295524685778e+01 1.132216943936055564e+01 6.187891252756555716e+00 3.103241388402031564e+00
1.201877087508350144e+02 9.688933333333332598e+01 7.242990132990131258e+01 4.886011487678154452e+01 3.176342399850312148e+01 1.967224427346735283e+01 1.115776911987633824e+01 6.017025235395147220e+00 2.884314314314314398e+00
8.636242484969940847e+01 6.818519999999999470e+01 5.040590948090948586e+01 3.301843513510180372e+01 2.104150610956432033e+01 1.246602931757132460e+01 6.840398198983419498e+00 3.428433078774476339e+00 1.314204204204204141e+00
7.167124248496995165e+01 5.748338095238094780e+01 4.352526439393939484e+01 2.929013936565536014e+01 1.915349306358054449e+01 1.178474794411544657e+01 6.581334785636241413e+00 3.349865959595959453e+00 1.406836836836836913e+00
9.148830995323982052e+01 7.798499999999999943e+01 6.079536202869535799e+01 4.133128015873016636e+01 2.668769340713784999e+01 1.609079976099125275e+01 8.884801998121083955e+00 4.533160813522711940e+00 2.113090000000000135e+00
8.759199999999999875e+01 7.813733333333334485e+01 6.597085000000001287e+01 5.003860000000000241e+01 3.478000342712842041e+01 2.274055160686406651e+01 1.342724652892217208e+01 7.251197531966372622e+00 3.473888363138984303e+00
1.466049999999999898e+02 1.210536666666666576e+02 8.951264999999999361e+01 5.870429642857142483e+01 3.792673752081251592e+01 2.268660980290465545e+01 1.235271361551181535e+01 5.919338618391626561e+00 2.313870000000000093e+00
1.183119999999999976e+02 1.008643333333333487e+02 7.808821666666666772e+01 5.200485714285714778e+01 3.357459165834165304e+01 2.037185387842721340e+01 1.132894783127234462e+01 5.596878823307542383e+00 2.504349796609151024e+00
9.347384769539077354e+01 7.326449999999999818e+01 5.331537500000000307e+01 3.482289085914086257e+01 2.183379136983729296e+01 1.313566809603418228e+01 7.283778935875288241e+00 3.748558403301009090e+00 1.538969999999999949e+00
5.019583333333333286e+01 3.944690476190476147e+01 2.879764487179487276e+01 1.876289293803891312e+01 1.200113357650800694e+01 7.275875501516241073e+00 4.103650149747715581e+00 2.057219999999999605e+00 8.904100000000000348e-01
1.163203072812291197e+02 9.940149999999999864e+01 7.850438772105438545e+01 5.609727261904762230e+01 3.953925108369552532e+01 2.582214630583554893e+01 1.536710571071464670e+01 8.387441884226316091e+00 4.154350867152037274e+00
