4.021866285970012722e-01 3.172258987430460753e-01 2.436306098251172225e-01 1.717797375564086571e-01 1.214496280569347941e-01 7.959673933934860446e-02 5.376064623228245243e-02 3.325244679484359867e-02 1.807243972185271913e-02
4.811584590225044811e-01 3.493067963839238121e-01 2.899806500517654317e-01 2.076932832122862782e-01 1.538622568668300272e-01 1.005853854277243414e-01 6.737018400733450763e-02 4.147622908268675662e-02 2.264080558416595168e-02
3.856944259672703823e-01 3.405459443631977945e-01 2.892130111392332559e-01 2.165122063045256395e-01 1.460283021041347273e-01 1.100958641017903000e-01 7.247770727431521176e-02 4.625495690483840544e-02 2.382991239187277205e-02
3.931425109675658058e-01 2.827556478304191212e-01 2.419794566901076471e-01 1.644933203188682080e-01 1.090390605633785731e-01 7.778741376870812463e-02 5.308402990060781534e-02 3.066239373283066033e-02 1.767178765999637136e-02
4.514765218455747409e-01 3.354766509510510586e-01 2.857804677720295339e-01 1.906984369380614885e-01 1.303559456957411877e-01 8.722290414246147705e-02 5.831680973967787868e-02 3.849436648375308134e-02 2.146057376901544175e-02
3.928871356170030027e-01 2.796389794598266310e-01 2.367350770778811064e-01 1.580360852093024293e-01 1.190940938110138236e-01 7.844273081604935527e-02 4.887762942502584668e-02 2.994029543532729029e-02 1.861215791895179730e-02
4.454116511853083438e-01 3.174586968445221036e-01 2.621969417754745346e-01 1.795223281302334717e-01 1.314476695310483334e-01 9.220716690603339427e-02 5.626927121773026702e-02 3.648720978990103309e-02 2.043549299899130242e-02
3.629198537173493055e-01 2.839701279281952040e-01 2.624780012030638598e-01 1.905010803713539647e-01 1.412284278649548752e-01 1.061299647181032924e-01 8.149001703632746674e-02 5.102069029557411428e-02 3.038796436767069245e-02
3.776814046764954136e-01 2.695468373400066175e-01 2.190514802781319270e-01 1.746175577879552632e-01 1.250705780969111336e-01 8.301902288433797572e-02 5.609762534998638528e-02 3.647181935880877690e-02 1.943887977996674316e-02
4.138002488182806471e-01 3.060573455743220150e-01 2.543444179463000276e-01 1.754968016952843934e-01 1.261972281760381231e-01 9.079090561659307335e-02 6.227964168307868753e-02 3.810891443934364547e-02 2.111084804923823652e-02
5.209643832897852267e-01 4.382786863274198419e-01 3.421790915655254506e-01 2.417262774846257178e-01 1.614514664136460775e-01 1.142719247333723320e-01 7.387084740603475086e-02 4.539676181130249816e-02 2.399603695658371338e-02
4.238266063938090356e-01 3.394051870079684563e-01 3.023496864047055532e-01 2.333848231358530423e-01 1.581144059099984511e-01 1.142106517042285885e-01 8.527878131351668278e-02 5.303923091647102378e-02 2.964138585862342509e-02
5.056608936495583517e-01 4.543148932428059394e-01 3.937900438937476100e-01 2.892173102534296159e-01 2.111063180765061775e-01 1.470354802265964045e-01 1.043144918643811314e-01 6.851208282607743061e-02 3.827119062101504154e-02
3.119362070260706665e-01 2.242738169886682731e-01 1.860069626820848032e-01 1.212876364556131625e-01 8.693092798890475481e-02 5.967004485963658955e-02 3.693568409519002588e-02 2.445778547860383290e-02 1.477693123199716810e-02
6.089822666222926006e-01 4.857798721872101377e-01 3.805648213024175330e-01 2.540528941639927374e-01 1.888914729008899229e-01 1.325073048628097605e-01 9.401790962487847902e-02 5.653990173251358803e-02 3.007401464204990243e-02
4.477920658533631748e-01 3.088771506962310065e-01 2.598739012387704106e-01 1.974491641240597173e-01 1.397142177286620490e-01 9.564882754508319262e-02 6.170180374558358743e-02 3.691588879901926828e-02 2.292301899619681935e-02
3.612381495462750336e-01 2.573356427314335559e-01 2.074138533850967969e-01 1.374888380569817270e-01 9.455656032487305684e-02 6.116999626803287099e-02 3.585797484161331455e-02 2.170952489670605751e-02 1.141699512130928303e-02
4.457293059943693847e-01 3.511893123531966143e-01 2.809255318703992033e-01 2.027977535261549780e-01 1.334324754677463920e-01 1.001656488731378775e-01 7.340126500820311206e-02 4.504403345843600859e-02 2.315137540262762056e-02
3.098266644432011718e-01 2.292509969007768822e-01 2.054935681598113462e-01 1.568500645039127284e-01 1.113851632996970126e-01 8.337046907885251046e-02 6.388199378333560274e-02 3.810429979057326777e-02 2.334223576418561000e-02
5.164310540193681742e-01 3.508181292034061594e-01 2.992726180809991421e-01 2.063343713315561323e-01 1.469276752420886067e-01 1.021264440240604726e-01 6.694249094095508501e-02 4.091538500202482331e-02 2.383323934130650301e-02
2.547838598193465920e-01 2.091875353148726635e-01 1.683418491728950472e-01 1.156066271688621777e-01 8.837270983115712297e-02 5.832435069649481024e-02 4.078318494666697408e-02 2.507156073440459931e-02 1.484420754031686406e-02
2.431864050065299099e-01 2.103555086038870203e-01 1.834539087340009977e-01 1.471028563011210766e-01 1.161649062598926752e-01 8.368447206877979716e-02 6.379304897547820319e-02 3.979080373443239643e-02 1.982168648475704162e-02
4.006156566470550628e-01 3.311068673698224218e-01 2.718348219631808727e-01 2.135147880901114015e-01 1.600522628785675527e-01 1.084852053554020701e-01 8.079362181270696719e-02 5.310482978313376540e-02 2.802052513120102326e-02
2.869762230942681791e-01 2.220160343758981469e-01 1.651319198923816844e-01 1.082966783690588186e-01 7.377445991669077940e-02 4.812765553062291202e-02 2.973464427350513972e-02 1.741847777550725382e-02 9.095919876516063776e-03
3.292923998107025185e-01 3.190125497357257367e-01 2.227335995687687031e-01 1.923186428021701477e-01 1.521738529154314234e-01 1.206508441980814750e-01 8.031912367148821841e-02 5.505535930163284186e-02 3.246267214157941977e-02
4.105133821929901616e-01 2.605000850970217163e-01 2.248521256083573228e-01 1.575593758300135316e-01 1.091207875902837215e-01 7.202126893633492566e-02 5.155782185318704552e-02 2.764135482042040515e-02 1.682872699879583642e-02
3.456473930839643605e-01 2.878689101341274093e-01 2.412831548014992833e-01 1.687061705636245246e-01 1.090900900236222715e-01 7.440647162962703287e-02 4.845621112102391909e-02 2.768064010133950217e-02 1.739652479117149292e-02
2.824304329651189382e-01 2.167705575487593739e-01 1.883055885565454723e-01 1.497153576404106901e-01 1.126770924886409397e-01 7.901288485200860801e-02 5.227462961957266008e-02 3.474915257776502175e-02 2.108468546688037695e-02
4.530773542000183229e-01 3.490647453473988970e-01 3.161388572267115338e-01 2.359207842146627265e-01 1.728582093868106240e-01 1.201451059572941765e-01 8.890574376579499227e-02 5.669864816224368803e-02 3.141098280251050645e-02
3.075433638764530908e-01 2.044611418930689650e-01 1.579767161675054987e-01 1.053536579570633902e-01 7.045828712202971411e-02 4.686392963974354842e-02 3.014020322448532699e-02 2.070776971090803123e-02 1.053983633649024053e-02
3.925828615105337871e-01 3.030945943284226729e-01 2.689678591747032277e-01 1.751054603281742561e-01 1.281612211147734604e-01 9.377498739565340302e-02 6.137502911287733010e-02 3.700726452765527169e-02 2.102865245243144832e-02
2.543208881790070541e-01 2.224774209517301204e-01 1.797827162773518450e-01 1.447347878370061902e-01 1.039433700013448342e-01 7.381590185330880183e-02 5.253446058854184531e-02 3.327021338348377932e-02 1.975774305412535126e-02
6.391449585188011540e-01 4.652144000350805220e-01 3.729008307397408961e-01 2.583345992380410849e-01 1.835173613279010574e-01 1.250502580507523720e-01 8.135533869399638740e-02 5.066733160275996989e-02 2.596558799642326859e-02
2.441917786931795398e-01 1.961174568466560741e-01 1.606800408777806499e-01 1.190399427338477145e-01 9.171190053745589821e-02 6.387622399163465914e-02 4.444198479295541349e-02 2.594450432809465579e-02 1.675279051382186704e-02
2.505392859812607953e-01 1.761459035635578319e-01 1.683583077880992374e-01 1.132935111659491428e-01 7.985727383197624429e-02 5.265901129069656267e-02 4.102942442951292706e-02 2.594733113547672415e-02 1.515837590245076340e-02
2.355807673883879572e-01 1.702275732437618649e-01 1.448339875032274293e-01 1.016104637543168432e-01 7.011283071286490698e-02 4.598045369754975853e-02 3.001472535542169806e-02 1.904628722913852615e-02 1.029066589810217341e-02
4.697539252010544675e-01 3.355841775504653235e-01 3.150738542486817284e-01 2.079256530287832139e-01 1.475971476980907915e-01 1.031979665790484502e-01 6.368246889816593648e-02 3.879346757785147315e-02 2.134469072473370310e-02
5.568585548268371044e-01 4.812533403058679715e-01 4.041726814009811153e-01 2.967828125616747692e-01 2.229621484086016514e-01 1.660200295991660357e-01 1.263282275061415605e-01 8.675499217025652021e-02 5.386213264787113875e-02
6.303313585256341556e-01 3.939619564261390705e-01 3.348250886794041925e-01 2.251391702965353236e-01 1.722695056468604990e-01 1.064967847213670327e-01 7.435003337579751403e-02 3.905465549700308514e-02 2.320180481356794513e-02
2.792903207735236704e-01 2.306134471361112881e-01 1.947324517480574224e-01 1.504921689610330959e-01 1.063953063658831522e-01 8.242637762762868026e-02 6.133768354347884227e-02 3.832937619010266805e-02 2.122306566900895863e-02
4.572095289852807221e-01 3.340402590507118297e-01 2.882547202376821716e-01 1.914212209290790390e-01 1.300707486039499872e-01 9.630394873424059921e-02 6.392753114073636278e-02 3.537746868908103748e-02 2.363986957088657845e-02
3.703759032695198572e-01 2.475096176088696642e-01 2.051828743467941918e-01 1.455899025707385053e-01 9.139948703470977820e-02 6.837707104693903359e-02 4.021790577461665378e-02 2.526134826317831192e-02 1.378720153285762154e-02
2.928264999943310243e-01 1.988704277855785907e-01 1.595426550947700306e-01 1.221770437014190192e-01 8.216720379017103393e-02 6.024264006390096099e-02 3.808574243269662735e-02 2.331400860744315892e-02 1.317826103344336107e-02
3.397436479055990777e-01 2.633390189259633418e-01 2.356720237899417869e-01 1.646697310259450653e-01 1.178584068020418901e-01 8.614668409817348438e-02 5.323170934517813119e-02 2.981494916716017143e-02 1.820285559740559070e-02
3.322605483652851244e-01 2.673812326165685982e-01 1.974230314149176269e-01 1.667629235483280015e-01 1.420803901141041714e-01 1.069142681488646912e-01 7.157529810626410416e-02 4.698781796160032137e-02 2.529650730469748532e-02
5.816175289655564073e-01 4.467322287704595940e-01 3.826129981670629010e-01 2.351448658703395866e-01 1.816405446512809330e-01 1.214492936892560132e-01 7.764649493351422072e-02 4.508873424393448903e-02 2.361313454626471492e-02
4.210977463725019687e-01 3.436667801487041651e-01 3.153763717770844965e-01 2.113688183260346021e-01 1.581428819268138886e-01 1.032330548558494793e-01 7.067670892147559503e-02 3.958488753387994635e-02 2.099899271677377333e-02
3.753700080213209223e-01 2.574845465697353508e-01 2.274558976582047587e-01 1.482786005468943180e-01 1.017618608368362626e-01 6.942982071748261819e-02 4.256904814882569998e-02 2.517879272279760147e-02 1.569759978786566118e-02
2.179480716694792153e-01 1.597567634542830517e-01 1.234895521622229875e-01 8.341084638582282884e-02 5.479106032859611120e-02 3.918832955367263643e-02 2.379020319261673094e-02 1.587522193860608707e-02 8.511881807215137402e-03
3.737667394043373559e-01 3.361766416467522611e-01 2.575768390632513505e-01 2.063973859095992736e-01 1.488717656824145863e-01 1.210482816923503235e-01 8.706121459369987881e-02 5.067559786527923993e-02 2.919353855103759554e-02
